4784
4784 5080
5080
5080 7593
5080
5080 7593
7593
5183 7593
6788
5183 6788
5183
5080 5183
5183
5080 5183
5080
5080 5183
5164
5164 5183
5183
5183 5218
5183
5164 5183
5183
5164 5183
5164
5164 5183
5164
5080 5164
5080
5080 5164
5080
5080 5164
5080
4956 5080
5080
5080 5164
5080
4956 5080
5080
4956 5080
4956
4861 4956
4956
4861 4956
4956
4956 5080
5080
4956 5080
5080
5080 5164
5164
5164 5183
5164
5164 5183
5183
5164 5183
5164
5107 5164
5107
5080 5107
5080
4956 5080
4956
4956 5080
5080
4956 5080
4956
4956 5080
5080
4956 5080
5080
4956 5080
4956
4956 5080
4956
4956 5080
4956
4861 4956
4861
4845 4861
4845
4845 4861
4861
4845 4861
4861
4845 4861
4845
4784 4845
4845
4784 4845
4845
4845 4861
4845
4784 4845
4784
4645 4784
4784
4645 4784
4765
4645 4765
4765
4645 4765
4765
4765 4784
4784
4784 4845
4784
4765 4784
4784
4765 4784
4765
4645 4765
4645
4645 4765
4645
4549 4645
4645
4645 4765
4765
4765 4784
4765
4645 4765
4765
4645 4765
4765
4765 4784
4784
4784 4845
4845
4845 4861
4845
4845 4861
4845
4845 4861
4845
4789 4845
4789
4784 4789
4784
4784 4789
4789
4784 4789
4784
4784 4789
4784
4765 4784
4784
4765 4784
4784
4784 4789
4784
4765 4784
4784
4765 4784
4765
4765 4784
4784
4784 4789
4789
4784 4789
4789
4789 4843
4789
4784 4789
4784
4765 4784
4765
4765 4784
4784
4765 4784
4784
4765 4784
4784
4765 4784
4784
4784 4789
4789
4789 4843
4789
4784 4789
4789
4789 4843
4789
4784 4789
4784
4784 4789
4789
4789 4843
4843
4843 4845
4843
4843 4845
4845
4843 4845
4843
4843 4845
4843
4843 4845
4845
4845 4853
4853
4845 4853
4845
4843 4845
4845
4845 4853
4853
4853 4861
4853
4853 4861
4861
4861 4866
4861
4853 4861
4861
4853 4861
4853
4853 4861
4861
4853 4861
4861
4853 4861
4861
4853 4861
4861
4861 4866
4861
4861 4866
4866
4861 4866
4861
4853 4861
4861
4853 4861
4853
4845 4853
4853
4853 4861
4861
4853 4861
4861
4853 4861
4853
4853 4861
4861
4861 4866
4866
4861 4866
4861
4861 4866
4866
4861 4866
4861
4861 4866
4861
4861 4866
4866
4861 4866
4866
4861 4866
4866
4861 4866
4861
4861 4866
4861
4861 4866
4866
4866 4918
4918
4866 4918
4918
4918 4956
4918
4866 4918
4918
4866 4918
4866
4861 4866
4866
4861 4866
4861
4861 4866
4861
4861 4866
4861
4853 4861
4861
4861 4866
4866
4861 4866
4861
4861 4866
4866
4861 4866
4866
4861 4866
4866
4861 4866
4861
4861 4866
4866
4861 4866
4861
4861 4866
4866
4861 4866
4861
4861 4866
4861
4853 4861
4861
4853 4861
4861
4853 4861
4853
4845 4853
4845
4845 4853
4845
4843 4845
4845
4845 4853
4845
4843 4845
4845
4845 4853
4853
4853 4861
4861
4853 4861
4861
4861 4866
4861
4853 4861
4853
4845 4853
4845
4845 4853
4845
4845 4853
4853
4853 4861
4861
4853 4861
4861
4853 4861
4861
4853 4861
4853
4853 4861
4853
4845 4853
4845
4845 4853
4853
4853 4861
4853
4845 4853
4853
4845 4853
4853
4853 4861
4853
4845 4853
4845
4843 4845
4843
4843 4845
4845
4843 4845
4845
4843 4845
4843
4843 4845
4843
4843 4845
4845
4843 4845
4845
4845 4853
4845
4843 4845
4843
4843 4845
4845
4845 4853
4845
4845 4853
4845
4843 4845
4845
4843 4845
4845
4843 4845
4845
4843 4845
4845
4845 4853
4845
4845 4853
4853
4853 4861
4861
4853 4861
4853
4845 4853
4853
4845 4853
4853
4853 4861
4853
4853 4861
4853
4853 4861
4853
4845 4853
4853
4845 4853
4853
4853 4861
4853
4853 4861
4853
4853 4861
4853
4853 4861
4861
4853 4861
4861
4861 4866
4866
4866 4884
4866
4866 4884
4884
4884 4918
4918
4884 4918
4918
4918 4956
4956
4918 4956
4956
4918 4956
4918
4884 4918
4918
4918 4956
4956
4918 4956
4918
4884 4918
4918
4918 4956
4918
4918 4956
4956
4918 4956
4918
4884 4918
4918
4884 4918
4884
4884 4918
4884
4884 4918
4884
4866 4884
4866
4861 4866
4861
4853 4861
4853
4853 4861
4861
4853 4861
4861
4853 4861
4853
4845 4853
4845
4845 4853
4845
4845 4853
4853
4853 4861
4853
4845 4853
4853
4845 4853
4853
4853 4861
4853
4845 4853
4853
4845 4853
4845
4845 4853
4853
4853 4861
4853
4845 4853
4853
4853 4861
4853
4845 4853
4853
4853 4861
4861
4861 4866
4866
4866 4884
4884
4884 4905
4884
4866 4884
4884
4884 4905
4884
4866 4884
4874
4874 4884
4874
4866 4874
4866
4866 4874
4866
4866 4874
4874
4874 4884
4874
4866 4874
4866
4861 4866
4866
4866 4874
4874
4874 4884
4874
4866 4874
4874
4874 4884
4884
4884 4905
4905
4884 4905
4905
4884 4905
4884
4874 4884
4874
4866 4874
4874
4874 4884
4884
4884 4905
4884
4874 4884
4874
4874 4884
4874
4866 4874
4874
4874 4884
4874
4874 4884
4874
4874 4884
4874
4866 4874
4866
4866 4874
4874
4866 4874
4866
4861 4866
4861
4853 4861
4861
4853 4861
4853
4853 4861
4861
4853 4861
4861
4853 4861
4861
4853 4861
4861
4861 4866
4866
4861 4866
4861
4861 4866
4861
4853 4861
4853
4853 4861
4853
4853 4861
4861
4853 4861
4861
4861 4866
4861
4861 4866
4861
4861 4866
4861
4861 4866
4861
4861 4866
4861
4853 4861
4853
4853 4861
4853
4845 4853
4853
4853 4861
4853
4845 4853
4853
4853 4861
4861
4861 4866
4861
4853 4861
4853
4853 4861
4861
4853 4861
4853
4853 4861
4861
4861 4866
4861
4861 4866
4866
4866 4874
4866
4861 4866
4866
4866 4874
4866
4866 4874
4866
4866 4874
4874
4866 4874
4874
4874 4884
4874
4866 4874
4874
4874 4884
4874
4866 4874
4866
4861 4866
4866
4866 4874
4874
4866 4874
4866
4866 4874
4874
4874 4884
4884
4874 4884
4884
4874 4884
4884
4874 4884
4874
4866 4874
4866
4861 4866
4861
4853 4861
4861
4861 4866
4861
4861 4866
4866
4866 4874
4874
4874 4884
4884
4884 4905
4884
4884 4905
4884
4874 4884
4874
4874 4884
4874
4874 4884
4884
4874 4884
4874
4874 4884
4884
4874 4884
4874
4874 4884
4874
4866 4874
4874
4866 4874
4874
4874 4884
4874
4874 4884
4874
4866 4874
4866
4861 4866
4866
4861 4866
4861
4861 4866
4861
4861 4866
4866
4866 4874
4866
4866 4874
4874
4874 4884
4884
4884 4905
4884
4884 4905
4884
4874 4884
4874
4874 4884
4874
4874 4884
4874
4874 4884
4884
4884 4905
4884
4874 4884
4884
4884 4905
4884
4884 4905
4884
4884 4905
4905
4884 4905
4884
4874 4884
4884
4884 4905
4905
4905 4918
4905
4905 4918
4905
4884 4905
4884
4884 4905
4884
4884 4905
4884
4884 4905
4905
4905 4918
4905
4884 4905
4905
4905 4918
4918
4905 4918
4918
4905 4918
4905
4905 4918
4905
4905 4918
4905
4884 4905
4905
4884 4905
4884
4874 4884
4874
4866 4874
4874
4874 4884
4874
4866 4874
4874
4874 4884
4874
4866 4874
4874
4874 4884
4874
4874 4884
4874
4866 4874
4874
4874 4884
4884
4874 4884
4884
4884 4905
4884
4874 4884
4884
4884 4905
4884
4874 4884
4874
4874 4884
4874
4874 4884
4874
4866 4874
4874
4866 4874
4874
4866 4874
4866
4866 4874
4874
4866 4874
4874
4874 4884
4884
4884 4905
4905
4884 4905
4905
4905 4918
4905
4905 4918
4905
4884 4905
4884
4884 4905
4905
4884 4905
4905
4905 4918
4918
4918 4926
4918
4905 4918
4905
4905 4918
4918
4918 4926
4926
4918 4926
4918
4918 4926
4926
4926 4956
4956
4926 4956
4956
4926 4956
4956
4956 4960
4960
4956 4960
4960
4956 4960
4956
4956 4960
4956
4949 4956
4956
4949 4956
4949
4949 4956
4956
4949 4956
4949
4949 4956
4949
4949 4956
4956
4949 4956
4949
4926 4949
4949
4926 4949
4949
4949 4956
4949
4926 4949
4949
4926 4949
4949
4926 4949
4949
4949 4956
4949
4949 4956
4956
4949 4956
4949
4949 4956
4949
4949 4956
4949
4926 4949
4926
4918 4926
4926
4926 4949
4926
4918 4926
4926
4926 4949
4926
4918 4926
4918
4905 4918
4905
4905 4918
4918
4905 4918
4918
4918 4926
4918
4918 4926
4926
4918 4926
4926
4926 4949
4949
4926 4949
4949
4926 4949
4949
4926 4949
4949
4949 4956
4956
4956 4960
4956
4949 4956
4949
4949 4956
4949
4949 4956
4949
4926 4949
4949
4926 4949
4949
4926 4949
4949
4949 4956
4956
4949 4956
4949
4949 4956
4956
4956 4960
4956
4956 4960
4960
4956 4960
4956
4956 4960
4956
4956 4960
4960
4956 4960
4960
4956 4960
4956
4949 4956
4949
4926 4949
4949
4926 4949
4949
4949 4956
4956
4956 4960
4956
4956 4960
4960
4956 4960
4956
4949 4956
4956
4949 4956
4956
4956 4960
4956
4949 4956
4956
4956 4960
4956
4956 4960
4960
4960 4971
4960
4956 4960
4960
4956 4960
4956
4949 4956
4956
4949 4956
4949
4926 4949
4926
4918 4926
4918
4905 4918
4905
4884 4905
4905
4905 4918
4905
4884 4905
4905
4884 4905
4884
4884 4905
4905
4905 4918
4905
4884 4905
4884
4884 4905
4884
4884 4905
4884
4884 4905
4884
4875 4884
4875
4875 4884
4875
4875 4884
4884
4884 4905
4884
4875 4884
4875
4875 4884
4884
4875 4884
4884
4884 4905
4884
4884 4905
4905
4900 4905
4905
4905 4918
4905
4900 4905
4905
4900 4905
4900
4884 4900
4884
4875 4884
4875
4875 4884
4884
4884 4900
4884
4884 4900
4900
4884 4900
4900
4884 4900
4884
4875 4884
4884
4884 4900
4900
4884 4900
4884
4884 4900
4884
4875 4884
4884
4884 4900
4884
4884 4900
4900
4884 4900
4900
4884 4900
4900
4884 4900
4884
4884 4900
4900
4900 4905
4900
4900 4905
4900
4900 4905
4900
4900 4905
4900
4884 4900
4884
4875 4884
4884
4884 4900
4900
4884 4900
4900
4884 4900
4884
4875 4884
4884
4875 4884
4884
4875 4884
4875
4875 4884
4875
4875 4884
4884
4875 4884
4875
4875 4884
4884
4875 4884
4884
4875 4884
4884
4875 4884
4884
4875 4884
4875
4875 4884
4875
4874 4875
4875
4874 4875
4875
4875 4884
4875
4874 4875
4875
4874 4875
4874
4874 4875
4874
4874 4875
4874
4866 4874
4874
4874 4875
4874
4874 4875
4874
4866 4874
4866
4861 4866
4866
4861 4866
4861
4861 4866
4861
4853 4861
4861
4853 4861
4861
4853 4861
4861
4853 4861
4853
4845 4853
4845
4843 4845
4843
4833 4843
4843
4833 4843
4833
4817 4833
4817
4817 4833
4817
4817 4833
4833
4833 4843
4843
4833 4843
4833
4833 4843
4843
4843 4845
4845
4845 4853
4853
4845 4853
4853
4853 4861
4853
4853 4861
4853
4853 4861
4853
4845 4853
4853
4853 4861
4853
4853 4861
4861
4861 4866
4866
4861 4866
4861
4861 4866
4866
4861 4866
4866
4861 4866
4866
4866 4874
4874
4874 4875
4875
4875 4883
4883
4875 4883
4875
4874 4875
4875
4874 4875
4875
4874 4875
4874
4874 4875
4874
4870 4874
4874
4874 4875
4874
4874 4875
4874
4874 4875
4874
4870 4874
4874
4870 4874
4870
4866 4870
4866
4861 4866
4866
4866 4870
4866
4866 4870
4870
4866 4870
4870
4866 4870
4866
4866 4870
4866
4861 4866
4861
4859 4861
4861
4861 4866
4861
4859 4861
4861
4861 4866
4861
4861 4866
4866
4861 4866
4861
4861 4866
4866
4861 4866
4866
4861 4866
4861
4859 4861
4859
4859 4861
4859
4853 4859
4859
4853 4859
4859
4853 4859
4859
4859 4861
4861
4861 4866
4861
4859 4861
4861
4861 4866
4861
4861 4866
4866
4866 4870
4866
4866 4870
4866
4866 4870
4870
4866 4870
4870
4870 4874
4874
4874 4875
4875
4875 4883
4875
4875 4883
4883
4875 4883
4875
4875 4883
4875
4874 4875
4874
4870 4874
4870
4870 4874
4874
4870 4874
4870
4870 4874
4870
4870 4874
4870
4866 4870
4866
4861 4866
4861
4859 4861
4859
4853 4859
4859
4859 4861
4859
4859 4861
4861
4859 4861
4859
4853 4859
4853
4853 4859
4853
4845 4853
4853
4845 4853
4853
4853 4859
4859
4853 4859
4859
4859 4861
4861
4861 4866
4861
4861 4866
4861
4861 4866
4861
4859 4861
4861
4861 4866
4861
4861 4866
4861
4861 4866
4861
4859 4861
4861
4861 4866
4866
4866 4870
4870
4870 4874
4874
4870 4874
4874
4874 4875
4874
4874 4875
4875
4875 4883
4883
4875 4883
4883
4875 4883
4883
4883 4884
4883
4875 4883
4883
4875 4883
4883
4883 4884
4883
4883 4884
4884
4884 4893
4893
4893 4900
4900
4900 4905
4905
4900 4905
4900
4893 4900
4900
4893 4900
4900
4893 4900
4893
4884 4893
4893
4893 4900
4893
4884 4893
4893
4893 4900
4900
4900 4905
4900
4900 4905
4905
4905 4918
4905
4905 4918
4905
4900 4905
4900
4900 4905
4900
4900 4905
4900
4893 4900
4893
4893 4900
4893
4884 4893
4884
4884 4893
4884
4883 4884
4883
4883 4884
4883
4883 4884
4883
4875 4883
4883
4883 4884
4883
4875 4883
4883
4883 4884
4883
4883 4884
4883
4875 4883
4883
4883 4884
4883
4883 4884
4884
4883 4884
4883
4875 4883
4883
4875 4883
4875
4874 4875
4875
4874 4875
4874
4870 4874
4874
4874 4875
4874
4874 4875
4875
4875 4883
4883
4883 4884
4884
4884 4893
4884
4883 4884
4883
4875 4883
4883
4875 4883
4883
4875 4883
4875
4874 4875
4874
4874 4875
4874
4870 4874
4874
4874 4875
4874
4874 4875
4875
4875 4883
4883
4883 4884
4883
4883 4884
4884
4883 4884
4883
4883 4884
4883
4883 4884
4883
4883 4884
4883
4875 4883
4883
4883 4884
4883
4883 4884
4884
4884 4893
4884
4883 4884
4884
4884 4893
4884
4883 4884
4883
4883 4884
4883
4883 4884
4883
4875 4883
4875
4874 4875
4875
4875 4883
4875
4875 4883
4883
4883 4884
4883
4883 4884
4884
4883 4884
4883
4883 4884
4884
4884 4893
4884
4883 4884
4883
4875 4883
4875
4874 4875
4875
4874 4875
4874
4870 4874
4870
4866 4870
4866
4861 4866
4861
4859 4861
4861
4859 4861
4859
4853 4859
4853
4845 4853
4853
4845 4853
4845
4843 4845
4845
4845 4853
4845
4845 4853
4853
4845 4853
4845
4843 4845
4845
4843 4845
4843
4838 4843
4843
4843 4845
4845
4843 4845
4843
4843 4845
4845
4845 4853
4845
4843 4845
4843
4843 4845
4843
4843 4845
4843
4843 4845
4843
4843 4845
4845
4843 4845
4845
4843 4845
4843
4843 4845
4843
4838 4843
4838
4838 4843
4838
4838 4843
4838
4838 4843
4843
4838 4843
4838
4838 4843
4843
4843 4845
4843
4838 4843
4843
4843 4845
4843
4843 4845
4845
4843 4845
4845
4845 4853
4845
4845 4853
4853
4845 4853
4853
4845 4853
4853
4853 4859
4853
4845 4853
4845
4843 4845
4843
4838 4843
4843
4843 4845
4843
4843 4845
4845
4845 4853
4845
4845 4853
4853
4853 4859
4853
4845 4853
4845
4843 4845
4845
4845 4853
4853
4845 4853
4845
4845 4853
4853
4853 4859
4859
4853 4859
4853
4853 4859
4853
4845 4853
4853
4853 4859
4859
4853 4859
4859
4853 4859
4859
4853 4859
4853
4845 4853
4845
4845 4853
4853
4853 4859
4853
4845 4853
4845
4843 4845
4845
4845 4853
4845
4843 4845
4845
4843 4845
4843
4843 4845
4843
4843 4845
4845
4843 4845
4845
4845 4853
4853
4845 4853
4853
4845 4853
4853
4845 4853
4845
4843 4845
4843
4838 4843
4843
4843 4845
4843
4843 4845
4843
4838 4843
4843
4843 4845
4845
4843 4845
4845
4845 4853
4853
4853 4859
4859
4853 4859
4859
4853 4859
4859
4853 4859
4859
4859 4861
4859
4853 4859
4853
4853 4859
4853
4845 4853
4845
4845 4853
4845
4845 4853
4845
4845 4853
4853
4845 4853
4845
4843 4845
4845
4845 4853
4853
4853 4859
4859
4859 4861
4861
4861 4866
4861
4861 4866
4861
4859 4861
4861
4861 4866
4866
4861 4866
4861
4859 4861
4859
4859 4861
4859
4853 4859
4859
4859 4861
4859
4853 4859
4853
4845 4853
4853
4853 4859
4859
4853 4859
4853
4853 4859
4859
4859 4861
4861
4859 4861
4861
4859 4861
4859
4853 4859
4859
4859 4861
4859
4859 4861
4861
4861 4866
4866
4861 4866
4866
4861 4866
4861
4859 4861
4861
4859 4861
4861
4861 4866
4861
4861 4866
4866
4861 4866
4866
4861 4866
4866
4866 4870
4870
4870 4874
4870
4870 4874
4874
4870 4874
4874
4870 4874
4870
4870 4874
4874
4874 4875
4875
4874 4875
4875
4875 4883
4883
4883 4884
4884
4884 4887
4884
4884 4887
4887
4884 4887
4887
4884 4887
4887
4887 4893
4893
4893 4900
4900
4893 4900
4900
4893 4900
4900
4900 4905
4900
4900 4905
4905
4900 4905
4900
4893 4900
4893
4893 4900
4893
4887 4893
4893
4887 4893
4893
4893 4900
4893
4887 4893
4887
4884 4887
4887
4887 4893
4893
4887 4893
4893
4893 4900
4893
4887 4893
4887
4887 4893
4887
4887 4893
4893
4887 4893
4887
4887 4893
4887
4887 4893
4887
4887 4893
4893
4887 4893
4893
4893 4900
4900
4900 4905
4900
4900 4905
4905
4905 4918
4918
4918 4926
4926
4926 4948
4948
4948 4949
4948
4926 4948
4926
4918 4926
4926
4926 4948
4948
4926 4948
4948
4926 4948
4948
4926 4948
4926
4918 4926
4926
4926 4948
4948
4926 4948
4926
4918 4926
4926
4918 4926
4918
4905 4918
4918
4905 4918
4905
4900 4905
4905
4900 4905
4905
4900 4905
4905
4905 4918
4918
4918 4926
4918
4918 4926
4926
4918 4926
4918
4905 4918
4918
4918 4926
4926
4918 4926
4918
4918 4926
4918
4918 4926
4918
4905 4918
4905
4905 4918
4905
4905 4918
4905
4905 4918
4918
4918 4926
4918
4905 4918
4905
4905 4918
4905
4905 4918
4905
4900 4905
4900
4900 4905
4900
4893 4900
4900
4900 4905
4900
4900 4905
4900
4900 4905
4905
4900 4905
4905
4900 4905
4905
4900 4905
4905
4905 4918
4918
4905 4918
4905
4905 4918
4905
4900 4905
4905
4905 4918
4905
4900 4905
4900
4900 4905
4900
4900 4905
4900
4893 4900
4893
4887 4893
4893
4887 4893
4887
4887 4893
4893
4887 4893
4893
4893 4900
4900
4893 4900
4893
4887 4893
4893
4893 4900
4900
4900 4905
4900
4900 4905
4905
4900 4905
4900
4900 4905
4905
4905 4918
4918
4905 4918
4918
4905 4918
4905
4905 4918
4905
4905 4918
4905
4905 4918
4918
4918 4926
4926
4918 4926
4926
4918 4926
4918
4905 4918
4918
4905 4918
4918
4918 4920
4918
4905 4918
4918
4918 4920
4918
4918 4920
4918
4918 4920
4918
4918 4920
4920
4918 4920
4918
4905 4918
4918
4918 4920
4918
4918 4920
4918
4918 4920
4918
4905 4918
4905
4905 4918
4918
4905 4918
4905
4905 4918
4905
4905 4918
4905
4900 4905
4905
4905 4918
4905
4905 4918
4905
4905 4918
4918
4905 4918
4918
4918 4920
4918
4918 4920
4920
4920 4926
4926
4926 4947
4947
4926 4947
4947
4926 4947
4926
4920 4926
4926
4926 4947
4947
4947 4948
4947
4926 4947
4926
4920 4926
4926
4926 4947
4926
4920 4926
4920
4920 4926
4926
4926 4947
4926
4920 4926
4926
4920 4926
4920
4918 4920
4920
4918 4920
4918
4918 4920
4920
4920 4926
4920
4920 4926
4926
4926 4947
4926
4920 4926
4920
4920 4926
4926
4926 4947
4926
4920 4926
4920
4920 4926
4920
4918 4920
4920
4918 4920
4920
4920 4926
4920
4920 4926
4926
4920 4926
4926
4926 4947
4947
4947 4948
4948
4947 4948
4947
4926 4947
4926
4920 4926
4920
4918 4920
4918
4905 4918
4918
4918 4920
4918
4918 4920
4920
4918 4920
4920
4918 4920
4920
4920 4926
4926
4926 4947
4947
4947 4948
4948
4948 4949
4949
4949 4952
4952
4952 4956
4952
4949 4952
4949
4948 4949
4948
4947 4948
4948
4948 4949
4949
4949 4952
4949
4948 4949
4949
4949 4952
4952
4949 4952
4952
4949 4952
4952
4949 4952
4949
4949 4952
4949
4949 4952
4949
4948 4949
4948
4948 4949
4949
4949 4952
4952
4949 4952
4949
4949 4952
4952
4952 4956
4956
4952 4956
4956
4952 4956
4956
4952 4956
4952
4952 4956
4952
4949 4952
4952
4949 4952
4949
4949 4952
4952
4952 4956
4952
4952 4956
4956
4956 4959
4959
4956 4959
4956
4956 4959
4959
4959 4960
4959
4959 4960
4959
4956 4959
4956
4952 4956
4952
4949 4952
4952
4949 4952
4952
4949 4952
4952
4949 4952
4949
4949 4952
4952
4952 4956
4956
4956 4959
4959
4956 4959
4959
4956 4959
4959
4956 4959
4956
4952 4956
4956
4956 4959
4959
4959 4960
4960
4960 4961
4960
4959 4960
4960
4960 4961
4960
4959 4960
4959
4956 4959
4956
4952 4956
4952
4952 4956
4952
4949 4952
4949
4948 4949
4948
4948 4949
4949
4948 4949
4948
4948 4949
4949
4949 4952
4949
4948 4949
4949
4949 4952
4949
4948 4949
4948
4948 4949
4948
4948 4949
4948
4948 4949
4948
4948 4949
4949
4949 4952
4952
4952 4956
4956
4952 4956
4952
4949 4952
4949
4949 4952
4952
4949 4952
4949
4949 4952
4949
4949 4952
4952
4949 4952
4952
4952 4956
4956
4956 4959
4959
4956 4959
4959
4956 4959
4959
4959 4960
4960
4959 4960
4960
4959 4960
4959
4959 4960
4959
4956 4959
4959
4956 4959
4956
4956 4959
4959
4956 4959
4956
4956 4959
4959
4959 4960
4959
4956 4959
4959
4956 4959
4959
4956 4959
4959
4959 4960
4960
4960 4961
4961
4960 4961
4961
4960 4961
4961
4961 4969
4961
4961 4969
4969
4961 4969
4961
4961 4969
4969
4969 4971
4971
4971 4973
4971
4969 4971
4971
4971 4973
4971
4971 4973
4973
4973 4976
4973
4971 4973
4973
4973 4976
4976
4976 4978
4976
4973 4976
4973
4971 4973
4971
4969 4971
4971
4969 4971
4969
4961 4969
4969
4969 4971
4971
4971 4973
4971
4971 4973
4973
4971 4973
4971
4971 4973
4973
4971 4973
4971
4971 4973
4971
4971 4973
4973
4973 4976
4973
4971 4973
4971
4971 4973
4973
4973 4976
4976
4973 4976
4973
4971 4973
4973
4971 4973
4971
4971 4973
4973
4973 4976
4973
4971 4973
4973
4971 4973
4973
4971 4973
4973
4973 4976
4976
4973 4976
4973
4971 4973
4971
4969 4971
4969
4969 4971
4971
4971 4973
4973
4973 4976
4973
4971 4973
4973
4971 4973
4973
4971 4973
4973
4973 4976
4976
4973 4976
4976
4973 4976
4973
4971 4973
4971
4971 4973
4971
4971 4973
4971
4969 4971
4969
4961 4969
4969
4969 4971
4971
4969 4971
4971
4971 4973
4971
4971 4973
4973
4973 4976
4976
4973 4976
4973
4971 4973
4971
4969 4971
4969
4961 4969
4961
4960 4961
4961
4961 4969
4969
4961 4969
4969
4961 4969
4961
4961 4969
4969
4961 4969
4969
4969 4971
4971
4971 4973
4973
4971 4973
4971
4969 4971
4971
4971 4973
4973
4971 4973
4973
4971 4973
4973
4971 4973
4973
4971 4973
4973
4973 4976
4976
4973 4976
4976
4976 4978
4978
4976 4978
4978
4976 4978
4978
4978 4988
4988
4988 4989
4989
4988 4989
4988
4978 4988
4978
4978 4988
4988
4988 4989
4988
4978 4988
4988
4978 4988
4988
4988 4989
4988
4988 4989
4988
4988 4989
4989
4989 4990
4989
4988 4989
4988
4978 4988
4978
4976 4978
4976
4976 4978
4976
4973 4976
4976
4976 4978
4976
4973 4976
4973
4973 4976
4973
4971 4973
4971
4971 4973
4971
4971 4973
4973
4973 4976
4973
4971 4973
4971
4969 4971
4971
4969 4971
4969
4961 4969
4969
4969 4971
4969
4969 4971
4971
4969 4971
4969
4961 4969
4969
4961 4969
4969
4969 4971
4971
4971 4973
4973
4971 4973
4973
4973 4976
4973
4971 4973
4971
4969 4971
4969
4969 4971
4969
4969 4971
4969
4969 4971
4969
4969 4971
4971
4971 4973
4973
4971 4973
4973
4973 4975
4975
4975 4976
4976
4976 4978
4978
4976 4978
4978
4978 4986
4986
4978 4986
4978
4976 4978
4976
4975 4976
4975
4973 4975
4973
4973 4975
4973
4971 4973
4971
4969 4971
4971
4971 4973
4973
4973 4975
4973
4973 4975
4973
4971 4973
4973
4973 4975
4975
4973 4975
4975
4973 4975
4975
4975 4976
4975
4973 4975
4975
4973 4975
4973
4971 4973
4971
4971 4973
4973
4973 4975
4975
4973 4975
4975
4975 4976
4975
4973 4975
4975
4975 4976
4975
4973 4975
4975
4973 4975
4973
4971 4973
4973
4971 4973
4973
4971 4973
4971
4971 4973
4973
4973 4975
4975
4973 4975
4973
4971 4973
4973
4973 4975
4975
4975 4976
4975
4973 4975
4975
4975 4976
4975
4973 4975
4975
4973 4975
4973
4973 4975
4973
4973 4975
4973
4971 4973
4973
4971 4973
4971
4971 4973
4971
4969 4971
4969
4961 4969
4961
4960 4961
4960
4960 4961
4960
4959 4960
4959
4958 4959
4959
4958 4959
4958
4956 4958
4958
4958 4959
4958
4956 4958
4958
4956 4958
4958
4958 4959
4959
4958 4959
4959
4959 4960
4959
4958 4959
4959
4959 4960
4960
4960 4961
4961
4960 4961
4961
4961 4969
4969
4969 4971
4971
4969 4971
4971
4971 4973
4971
4969 4971
4969
4961 4969
4961
4961 4969
4969
4969 4971
4969
4969 4971
4969
4969 4971
4969
4961 4969
4961
4961 4969
4969
4961 4969
4961
4960 4961
4960
4960 4961
4961
4960 4961
4961
4961 4969
4961
4961 4969
4961
4960 4961
4961
4960 4961
4960
4959 4960
4959
4958 4959
4958
4956 4958
4956
4956 4958
4956
4956 4958
4956
4953 4956
4953
4953 4956
4956
4953 4956
4953
4952 4953
4952
4949 4952
4949
4948 4949
4949
4948 4949
4948
4947 4948
4948
4947 4948
4948
4948 4949
4948
4948 4949
4948
4948 4949
4949
4948 4949
4948
4948 4949
4948
4948 4949
4948
4947 4948
4947
4929 4947
4929
4929 4947
4947
4947 4948
4948
4948 4949
4948
4947 4948
4947
4947 4948
4947
4947 4948
4948
4947 4948
4948
4948 4949
4948
4948 4949
4949
4949 4952
4952
4949 4952
4949
4948 4949
4948
4948 4949
4949
4949 4952
4952
4949 4952
4952
4949 4952
4952
4949 4952
4949
4948 4949
4948
4948 4949
4949
4948 4949
4948
4947 4948
4948
4948 4949
4949
4949 4952
4952
4949 4952
4949
4949 4952
4949
4948 4949
4948
4947 4948
4948
4947 4948
4947
4929 4947
4929
4929 4947
4929
4929 4947
4929
4926 4929
4929
4926 4929
4926
4920 4926
4926
4926 4929
4929
4929 4947
4947
4929 4947
4947
4929 4947
4929
4929 4947
4947
4929 4947
4929
4926 4929
4929
4926 4929
4929
4929 4947
4929
4926 4929
4929
4926 4929
4926
4920 4926
4926
4920 4926
4920
4918 4920
4918
4905 4918
4905
4904 4905
4905
4904 4905
4904
4904 4905
4904
4904 4905
4905
4905 4918
4918
4918 4920
4920
4920 4926
4926
4920 4926
4920
4918 4920
4920
4918 4920
4920
4920 4926
4926
4920 4926
4920
4918 4920
4920
4920 4926
4926
4920 4926
4920
4918 4920
4918
4905 4918
4905
4905 4918
4918
4905 4918
4918
4918 4920
4918
4905 4918
4905
4905 4918
4905
4904 4905
4905
4905 4918
4905
4905 4918
4918
4918 4920
4920
4920 4926
4920
4918 4920
4918
4918 4920
4918
4905 4918
4918
4918 4920
4918
4918 4920
4918
4905 4918
4918
4905 4918
4918
4918 4920
4920
4918 4920
4918
4905 4918
4905
4904 4905
4905
4904 4905
4904
4904 4905
4905
4904 4905
4905
4905 4918
4918
4918 4920
4920
4920 4926
4926
4920 4926
4926
4920 4926
4920
4920 4926
4926
4920 4926
4926
4926 4929
4926
4926 4929
4929
4929 4945
4945
4945 4947
4947
4945 4947
4947
4947 4948
4948
4948 4949
4948
4948 4949
4948
4947 4948
4947
4945 4947
4947
4945 4947
4945
4929 4945
4929
4929 4945
4945
4929 4945
4945
4945 4947
4945
4945 4947
4945
4929 4945
4945
4945 4947
4945
4945 4947
4947
4947 4948
4947
4947 4948
4948
4948 4949
4949
4948 4949
4948
4947 4948
4947
4945 4947
4945
4945 4947
4945
4945 4947
4947
4947 4948
4947
4947 4948
4948
4947 4948
4947
4945 4947
4945
4945 4947
4947
4947 4948
4948
4947 4948
4947
4945 4947
4947
4947 4948
4947
4945 4947
4947
4947 4948
4948
4947 4948
4947
4945 4947
4947
4947 4948
4947
4945 4947
4945
4945 4947
4947
4945 4947
4947
4947 4948
4947
4947 4948
4948
4947 4948
4948
4947 4948
4947
4945 4947
4945
4945 4947
4947
4945 4947
4945
4929 4945
4945
4929 4945
4929
4926 4929
4926
4926 4929
4929
4929 4945
4929
4929 4945
4945
4945 4947
4945
4929 4945
4929
4926 4929
4926
4920 4926
4920
4920 4926
4920
4918 4920
4918
4918 4920
4920
4918 4920
4918
4918 4920
4918
4908 4918
4908
4905 4908
4905
4905 4908
4908
4905 4908
4905
4905 4908
4905
4904 4905
4905
4904 4905
4904
4904 4905
4905
4904 4905
4905
4904 4905
4904
4902 4904
4902
4902 4904
4904
4904 4905
4905
4904 4905
4904
4904 4905
4905
4904 4905
4904
4902 4904
4904
4904 4905
4905
4904 4905
4905
4904 4905
4904
4904 4905
4905
4905 4908
4905
4904 4905
4904
4904 4905
4904
4902 4904
4902
4902 4904
4902
4900 4902
4902
4902 4904
4904
4904 4905
4905
4905 4908
4905
4904 4905
4904
4904 4905
4905
4905 4908
4908
4905 4908
4905
4904 4905
4904
4902 4904
4904
4902 4904
4904
4904 4905
4904
4904 4905
4905
4905 4908
4905
4904 4905
4904
4902 4904
4902
4900 4902
4902
4900 4902
4902
4902 4904
4904
4904 4905
4904
4902 4904
4904
4902 4904
4904
4902 4904
4902
4900 4902
4902
4900 4902
4900
4900 4902
4900
4900 4902
4902
4900 4902
4902
4900 4902
4902
4902 4904
4904
4902 4904
4904
4902 4904
4904
4902 4904
4902
4900 4902
4902
4902 4904
4904
4902 4904
4904
4902 4904
4902
4902 4904
4904
4904 4905
4905
4905 4908
4908
4905 4908
4905
4904 4905
4905
4905 4908
4908
4908 4910
4908
4905 4908
4908
4908 4910
4908
4905 4908
4905
4904 4905
4904
4904 4905
4905
4905 4908
4905
4905 4908
4905
4905 4908
4905
4904 4905
4905
4904 4905
4904
4904 4905
4904
4902 4904
4904
4902 4904
4902
4900 4902
4900
4899 4900
4900
4900 4902
4902
4900 4902
4900
4899 4900
4899
4897 4899
4897
4897 4899
4899
4897 4899
4899
4897 4899
4899
4897 4899
4897
4897 4899
4899
4899 4900
4899
4899 4900
4899
4899 4900
4899
4897 4899
4899
4897 4899
4899
4897 4899
4899
4897 4899
4899
4897 4899
4899
4897 4899
4897
4896 4897
4896
4894 4896
4894
4893 4894
4894
4893 4894
4893
4893 4894
4894
4893 4894
4894
4893 4894
4894
4894 4896
4896
4896 4897
4896
4894 4896
4894
4894 4896
4896
4894 4896
4894
4894 4896
4896
4896 4897
4896
4896 4897
4897
4897 4899
4897
4896 4897
4897
4897 4899
4897
4896 4897
4897
4896 4897
4896
4896 4897
4896
4894 4896
4896
4894 4896
4894
4894 4896
4896
4894 4896
4896
4894 4896
4894
4893 4894
4894
4893 4894
4894
4893 4894
4893
4887 4893
4887
4884 4887
4884
4883 4884
4883
4881 4883
4883
4881 4883
4883
4881 4883
4883
4881 4883
4881
4881 4883
4883
4883 4884
4883
4881 4883
4883
4883 4884
4884
4883 4884
4884
4883 4884
4884
4884 4887
4884
4884 4887
4884
4884 4887
4887
4887 4893
4887
4887 4893
4893
4893 4894
4893
4887 4893
4893
4887 4893
4887
4884 4887
4884
4884 4887
4884
4883 4884
4883
4883 4884
4884
4884 4887
4887
4887 4893
4887
4884 4887
4884
4884 4887
4887
4884 4887
4887
4887 4893
4887
4887 4893
4887
4887 4893
4887
4887 4893
4887
4887 4893
4887
4884 4887
4884
4883 4884
4884
4883 4884
4884
4883 4884
4883
4881 4883
4881
4875 4881
4875
4875 4881
4881
4881 4883
4881
4881 4883
4883
4883 4884
4884
4883 4884
4884
4884 4887
4887
4887 4893
4893
4893 4894
4893
4893 4894
4894
4894 4896
4896
4894 4896
4894
4894 4896
4896
4896 4897
4897
4897 4899
4899
4897 4899
4899
4899 4900
4899
4899 4900
4899
4897 4899
4897
4896 4897
4897
4897 4899
4899
4899 4900
4900
4900 4902
4902
4902 4904
4904
4902 4904
4904
4902 4904
4904
4904 4905
4905
4905 4908
4905
4904 4905
4905
4904 4905
4905
4905 4908
4905
4904 4905
4904
4904 4905
4904
4904 4905
4905
4905 4908
4905
4904 4905
4904
4904 4905
4905
4904 4905
4905
4905 4908
4905
4904 4905
4904
4902 4904
4904
4902 4904
4904
4904 4905
4904
4902 4904
4904
4904 4905
4904
4904 4905
4905
4904 4905
4904
4902 4904
4904
4902 4904
4904
4902 4904
4902
4902 4904
4904
4904 4905
4904
4902 4904
4902
4902 4904
4904
4904 4905
4905
4904 4905
4904
4904 4905
4905
4905 4908
4908
4905 4908
4908
4905 4908
4905
4904 4905
4905
4904 4905
4904
4904 4905
4904
4904 4905
4905
4905 4908
4905
4905 4908
4908
4905 4908
4905
4904 4905
4905
4905 4908
4908
4908 4910
4908
4905 4908
4908
4908 4910
4908
4908 4910
4910
4908 4910
4910
4910 4916
4916
4910 4916
4916
4916 4918
4918
4918 4920
4918
4918 4920
4920
4918 4920
4918
4916 4918
4916
4913 4916
4913
4910 4913
4913
4913 4916
4913
4913 4916
4913
4910 4913
4913
4910 4913
4913
4910 4913
4913
4910 4913
4910
4910 4913
4910
4908 4910
4908
4905 4908
4905
4905 4908
4908
4908 4910
4910
4908 4910
4910
4908 4910
4908
4908 4910
4908
4908 4910
4910
4910 4913
4913
4913 4916
4916
4913 4916
4916
4913 4916
4913
4910 4913
4910
4908 4910
4910
4910 4913
4913
4910 4913
4910
4908 4910
4908
4908 4910
4910
4908 4910
4908
4908 4910
4908
4908 4910
4910
4908 4910
4908
4905 4908
4908
4905 4908
4905
4905 4908
4908
4905 4908
4908
4908 4910
4908
4908 4910
4910
4910 4913
4913
4910 4913
4910
4908 4910
4910
4910 4913
4913
4913 4916
4913
4910 4913
4913
4910 4913
4913
4913 4916
4913
4910 4913
4913
4913 4916
4916
4916 4918
4916
4916 4918
4918
4916 4918
4916
4913 4916
4916
4916 4918
4918
4916 4918
4918
4916 4918
4918
4916 4918
4916
4916 4918
4918
4916 4918
4916
4913 4916
4913
4913 4916
4916
4913 4916
4913
4913 4916
4913
4910 4913
4910
4910 4913
4913
4913 4916
4913
4913 4916
4916
4916 4918
4918
4918 4920
4918
4916 4918
4918
4918 4920
4918
4918 4920
4920
4918 4920
4920
4918 4920
4918
4916 4918
4918
4916 4918
4916
4916 4918
4916
4913 4916
4913
4913 4916
4913
4910 4913
4910
4908 4910
4910
4910 4913
4910
4908 4910
4908
4908 4910
4908
4905 4908
4908
4908 4910
4908
4905 4908
4908
4908 4910
4910
4910 4913
4910
4910 4913
4913
4913 4916
4916
4916 4918
4918
4916 4918
4918
4916 4918
4918
4918 4920
4918
4918 4920
4918
4918 4920
4918
4918 4920
4920
4918 4920
4920
4920 4922
4922
4922 4926
4926
4926 4929
4929
4929 4939
4939
4929 4939
4929
4926 4929
4929
4929 4939
4929
4926 4929
4929
4929 4939
4929
4929 4939
4939
4939 4945
4939
4929 4939
4939
4939 4945
4945
4945 4946
4945
4945 4946
4946
4945 4946
4945
4945 4946
4946
4946 4947
4947
4947 4948
4947
4946 4947
4946
4946 4947
4946
4945 4946
4946
4945 4946
4946
4945 4946
4946
4946 4947
4947
4947 4948
4947
4947 4948
4947
4946 4947
4946
4945 4946
4946
4946 4947
4947
4947 4948
4947
4947 4948
4947
4947 4948
4948
4947 4948
4948
4948 4949
4949
4948 4949
4949
4949 4950
4949
4948 4949
4949
4949 4950
4949
4948 4949
4948
4948 4949
4948
4948 4949
4949
4948 4949
4948
4947 4948
4947
4946 4947
4947
4946 4947
4946
4946 4947
4947
4946 4947
4946
4946 4947
4946
4946 4947
4946
4945 4946
4945
4939 4945
4939
4929 4939
4929
4929 4939
4929
4929 4939
4929
4929 4939
4929
4929 4939
4929
4929 4939
4939
4939 4945
4939
4939 4945
4945
4945 4946
4945
4939 4945
4945
4939 4945
4945
4945 4946
4945
4945 4946
4945
4939 4945
4939
4929 4939
4939
4929 4939
4939
4929 4939
4929
4926 4929
4926
4926 4929
4926
4926 4929
4926
4925 4926
4925
4925 4926
4925
4925 4926
4925
4925 4926
4926
4926 4929
4929
4926 4929
4929
4926 4929
4926
4926 4929
4926
4925 4926
4926
4926 4929
4929
4929 4939
4929
4926 4929
4929
4926 4929
4929
4929 4939
4939
4939 4945
4941
4939 4941
4941
4939 4941
4941
4939 4941
4941
4941 4945
4941
4939 4941
4939
4939 4941
4939
4939 4941
4939
4939 4941
4939
4939 4941
4939
4939 4941
4939
4939 4941
4939
4929 4939
4929
4926 4929
4926
4925 4926
4925
4923 4925
4925
4923 4925
4925
4925 4926
4926
4925 4926
4925
4923 4925
4925
4925 4926
4925
4923 4925
4923
4922 4923
4923
4923 4925
4925
4923 4925
4923
4922 4923
4923
4923 4925
4925
4925 4926
4925
4925 4926
4926
4925 4926
4925
4925 4926
4926
4925 4926
4925
4923 4925
4925
4923 4925
4925
4923 4925
4925
4923 4925
4923
4922 4923
4922
4922 4923
4922
4922 4923
4923
4922 4923
4923
4922 4923
4923
4922 4923
4922
4920 4922
4922
4920 4922
4922
4922 4923
4923
4923 4925
4925
4925 4926
4926
4926 4929
4929
4929 4939
4939
4929 4939
4939
4939 4941
4939
4939 4941
4941
4941 4945
4945
4941 4945
4941
4939 4941
4941
4941 4945
4945
4945 4946
4946
4945 4946
4945
4941 4945
4941
4941 4945
4945
4941 4945
4941
4941 4945
4941
4939 4941
4939
4939 4941
4939
4929 4939
4929
4929 4939
4929
4926 4929
4926
4925 4926
4926
4926 4929
4929
4929 4939
4939
4939 4941
4939
4939 4941
4941
4941 4945
4945
4945 4946
4946
4945 4946
4946
4945 4946
4945
4941 4945
4941
4941 4945
4941
4941 4945
4945
4941 4945
4945
4941 4945
4945
4941 4945
4941
4939 4941
4939
4929 4939
4939
4939 4941
4939
4939 4941
4941
4941 4945
4941
4939 4941
4939
4929 4939
4929
4929 4939
4929
4926 4929
4929
4929 4939
4939
4929 4939
4929
4929 4939
4929
4929 4939
4939
4939 4941
4941
4941 4945
4945
4945 4946
4946
4946 4947
4946
4946 4947
4947
4947 4948
4947
4947 4948
4948
4948 4949
4948
4948 4949
4948
4947 4948
4947
4947 4948
4947
4946 4947
4946
4946 4947
4947
4947 4948
4947
4946 4947
4947
4947 4948
4948
4947 4948
4948
4947 4948
4948
4948 4949
4949
4949 4950
4950
4950 4951
4951
4950 4951
4951
4951 4952
4952
4952 4953
4953
4952 4953
4952
4951 4952
4952
4951 4952
4951
4951 4952
4951
4951 4952
4952
4951 4952
4951
4951 4952
4951
4951 4952
4952
4952 4953
4953
4952 4953
4953
4953 4954
4954
4954 4955
4954
4954 4955
4954
4954 4955
4954
4954 4955
4954
4954 4955
4954
4953 4954
4953
4952 4953
4952
4951 4952
4951
4950 4951
4950
4950 4951
4950
4950 4951
4950
4949 4950
4950
4949 4950
4950
4949 4950
4950
4950 4951
4950
4950 4951
4950
4950 4951
4950
4950 4951
4950
4949 4950
4949
4949 4950
4950
4949 4950
4950
4950 4951
4951
4950 4951
4951
4950 4951
4950
4950 4951
4950
4949 4950
4950
4950 4951
4951
4950 4951
4950
4949 4950
4949
4948 4949
4949
4949 4950
4950
4950 4951
4950
4950 4951
4950
4949 4950
4950
4950 4951
4950
4950 4951
4950
4949 4950
4949
4948 4949
4948
4948 4949
4948
4947 4948
4948
4947 4948
4947
4947 4948
4948
4947 4948
4947
4946 4947
4947
4947 4948
4947
4946 4947
4947
4947 4948
4947
4946 4947
4947
4946 4947
4947
4947 4948
4948
4948 4949
4948
4947 4948
4947
4947 4948
4947
4947 4948
4947
4946 4947
4946
4946 4947
4947
4946 4947
4947
4946 4947
4946
4946 4947
4946
4946 4947
4947
4947 4948
4948
4947 4948
4947
4947 4948
4948
4947 4948
4948
4947 4948
4948
4948 4949
4948
4947 4948
4947
4946 4947
4947
4947 4948
4948
4948 4949
4949
4949 4950
4950
4950 4951
4951
4950 4951
4951
4950 4951
4950
4949 4950
4949
4948 4949
4948
4947 4948
4947
4946 4947
4946
4945 4946
4946
4946 4947
4946
4945 4946
4946
4945 4946
4945
4945 4946
4945
4945 4946
4946
4945 4946
4946
4945 4946
4946
4946 4947
4946
4945 4946
4945
4945 4946
4945
4941 4945
4945
4945 4946
4945
4941 4945
4941
4941 4945
4945
4941 4945
4945
4941 4945
4941
4941 4945
4945
4941 4945
4941
4941 4945
4945
4941 4945
4945
4941 4945
4945
4945 4946
4946
4946 4947
4947
4946 4947
4946
4946 4947
4946
4946 4947
4946
4945 4946
4945
4945 4946
4945
4945 4946
4946
4946 4947
4947
4946 4947
4947
4947 4948
4947
4947 4948
4948
4948 4949
4949
4948 4949
4949
4949 4950
4949
4949 4950
4950
4950 4951
4951
4951 4952
4951
4950 4951
4950
4949 4950
4949
4948 4949
4949
4948 4949
4948
4947 4948
4947
4947 4948
4948
4948 4949
4949
4949 4950
4950
4950 4951
4950
4950 4951
4951
4950 4951
4951
4951 4952
4952
4951 4952
4951
4950 4951
4951
4950 4951
4951
4951 4952
4951
4950 4951
4950
4949 4950
4950
4950 4951
4951
4950 4951
4951
4950 4951
4951
4950 4951
4950
4949 4950
4949
4948 4949
4948
4947 4948
4947
4947 4948
4947
4947 4948
4947
4947 4948
4947
4946 4947
4947
4946 4947
4947
4946 4947
4946
4945 4946
4946
4945 4946
4945
4945 4946
4946
4945 4946
4946
4946 4947
4946
4946 4947
4946
4945 4946
4946
4945 4946
4945
4945 4946
4946
4945 4946
4945
4945 4946
4946
4945 4946
4946
4946 4947
4946
4945 4946
4946
4946 4947
4946
4946 4947
4946
4946 4947
4947
4946 4947
4947
4946 4947
4947
4946 4947
4946
4945 4946
4946
4946 4947
4946
4946 4947
4946
4946 4947
4947
4947 4948
4947
4947 4948
4947
4946 4947
4946
4946 4947
4946
4946 4947
4947
4946 4947
4947
4947 4948
4947
4947 4948
4948
4947 4948
4948
4947 4948
4948
4947 4948
4948
4948 4949
4948
4948 4949
4949
4948 4949
4948
4947 4948
4948
4948 4949
4948
4948 4949
4949
4949 4950
4949
4949 4950
4950
4950 4951
4951
4950 4951
4950
4949 4950
4950
4950 4951
4950
4949 4950
4950
4949 4950
4949
4949 4950
4950
4949 4950
4949
4949 4950
4950
4950 4951
4951
4951 4952
4951
4951 4952
4951
4951 4952
4951
4951 4952
4951
4951 4952
4952
4951 4952
4952
4952 4953
4952
4951 4952
4952
4952 4953
4952
4952 4953
4953
4953 4954
4953
4952 4953
4952
4952 4953
4952
4951 4952
4952
4952 4953
4953
4952 4953
4952
4952 4953
4952
4951 4952
4951
4951 4952
4951
4950 4951
4951
4950 4951
4950
4949 4950
4950
4949 4950
4949
4949 4950
4950
4949 4950
4949
4949 4950
4949
4949 4950
4950
4950 4951
4951
4950 4951
4950
4950 4951
4951
4950 4951
4950
4950 4951
4951
4951 4952
4952
4952 4953
4953
4952 4953
4952
4952 4953
4952
4951 4952
4952
4952 4953
4953
4953 4954
4954
4954 4955
4955
4955 4956
4956
4955 4956
4955
4955 4956
4956
4955 4956
4955
4955 4956
4955
4955 4956
4956
4956 4958
4956
4956 4958
4956
4955 4956
4955
4954 4955
4954
4954 4955
4955
4954 4955
4954
4953 4954
4953
4953 4954
4954
4954 4955
4955
4955 4956
4956
4955 4956
4955
4955 4956
4955
4954 4955
4955
4955 4956
4955
4954 4955
4954
4953 4954
4953
4953 4954
4953
4952 4953
4952
4951 4952
4951
4951 4952
4951
4950 4951
4951
4950 4951
4951
4951 4952
4952
4952 4953
4953
4953 4954
4954
4954 4955
4955
4954 4955
4955
4954 4955
4955
4955 4956
4955
4955 4956
4956
4955 4956
4956
4955 4956
4956
4955 4956
4955
4955 4956
4955
4955 4956
4955
4955 4956
4956
4955 4956
4956
4956 4958
4958
4956 4958
4956
4956 4958
4958
4958 4959
4958
4958 4959
4959
4958 4959
4958
4956 4958
4958
4958 4959
4959
4958 4959
4958
4958 4959
4958
4956 4958
4958
4956 4958
4956
4956 4958
4958
4958 4959
4959
4959 4960
4960
4960 4961
4960
4959 4960
4960
4959 4960
4959
4958 4959
4958
4958 4959
4958
4958 4959
4958
4956 4958
4958
4958 4959
4959
4959 4960
4960
4960 4961
4961
4960 4961
4961
4961 4962
4962
4961 4962
4962
4961 4962
4961
4960 4961
4961
4960 4961
4961
4960 4961
4960
4959 4960
4959
4958 4959
4959
4959 4960
4959
4958 4959
4958
4958 4959
4958
4956 4958
4958
4958 4959
4958
4958 4959
4958
4958 4959
4958
4958 4959
4959
4959 4960
4960
4960 4961
4960
4960 4961
4961
4960 4961
4960
4960 4961
4961
4960 4961
4961
4961 4962
4961
4961 4962
4962
4962 4964
4964
4962 4964
4962
4961 4962
4961
4961 4962
4961
4960 4961
4960
4960 4961
4960
4960 4961
4961
4960 4961
4961
4960 4961
4960
4959 4960
4960
4960 4961
4961
4961 4962
4962
4961 4962
4962
4961 4962
4961
4960 4961
4960
4959 4960
4959
4959 4960
4959
4959 4960
4960
4960 4961
4961
4961 4962
4961
4961 4962
4962
4962 4964
4962
4962 4964
4964
4964 4968
4968
4964 4968
4968
4964 4968
4964
4962 4964
4964
4962 4964
4964
4962 4964
4964
4962 4964
4964
4962 4964
4962
4962 4964
4964
4962 4964
4964
4964 4968
4968
4964 4968
4968
4964 4968
4964
4962 4964
4962
4962 4964
4964
4964 4968
4964
4964 4968
4964
4964 4968
4968
4968 4969
4969
4969 4971
4969
4968 4969
4968
4968 4969
4968
4968 4969
4968
4968 4969
4968
4968 4969
4968
4964 4968
4964
4962 4964
4964
4962 4964
4962
4962 4964
4964
4962 4964
4964
4964 4968
4968
4964 4968
4964
4962 4964
4964
4962 4964
4962
4962 4964
4964
4962 4964
4964
4962 4964
4964
4964 4968
4964
4962 4964
4964
4964 4968
4968
4964 4968
4964
4962 4964
4964
4962 4964
4962
4961 4962
4962
4961 4962
4961
4961 4962
4961
4961 4962
4961
4960 4961
4960
4960 4961
4961
4961 4962
4962
4962 4964
4964
4964 4968
4964
4962 4964
4962
4961 4962
4962
4961 4962
4962
4962 4964
4962
4961 4962
4962
4961 4962
4962
4962 4964
4962
4961 4962
4961
4960 4961
4961
4960 4961
4960
4959 4960
4960
4960 4961
4961
4961 4962
4961
4961 4962
4961
4961 4962
4962
4961 4962
4961
4960 4961
4961
4961 4962
4961
4960 4961
4960
4960 4961
4961
4960 4961
4961
4960 4961
4961
4960 4961
4961
4960 4961
4960
4959 4960
4960
4960 4961
4960
4959 4960
4959
4959 4960
4960
4960 4961
4961
4960 4961
4961
4961 4962
4961
4961 4962
4961
4961 4962
4962
4962 4964
4962
4962 4964
4962
4961 4962
4962
4961 4962
4962
4962 4964
4964
4964 4968
4964
4962 4964
4964
4964 4968
4968
4968 4969
4968
4964 4968
4968
4968 4969
4968
4968 4969
4969
4969 4971
4971
4969 4971
4971
4969 4971
4969
4968 4969
4968
4964 4968
4964
4964 4968
4964
4962 4964
4962
4962 4964
4962
4961 4962
4961
4960 4961
4961
4960 4961
4961
4961 4962
4962
4961 4962
4961
4960 4961
4960
4960 4961
4960
4959 4960
4959
4958 4959
4959
4958 4959
4959
4959 4960
4959
4959 4960
4959
4959 4960
4959
4959 4960
4959
4958 4959
4958
4956 4958
4956
4955 4956
4956
4956 4958
4958
4958 4959
4959
4959 4960
4959
4958 4959
4958
4958 4959
4958
4958 4959
4958
4956 4958
4956
4956 4958
4956
4955 4956
4956
4955 4956
4956
4956 4958
4958
4956 4958
4956
4956 4958
4956
4956 4958
4958
4956 4958
4956
4955 4956
4955
4955 4956
4956
4955 4956
4956
4955 4956
4956
4955 4956
4955
4955 4956
4955
4954 4955
4955
4955 4956
4956
4956 4958
4956
4956 4958
4958
4958 4959
4958
4958 4959
4959
4959 4960
4959
4959 4960
4960
4959 4960
4959
4958 4959
4959
4958 4959
4958
4956 4958
4958
4958 4959
4958
4958 4959
4958
4956 4958
4958
4958 4959
4959
4958 4959
4959
4959 4960
4960
4960 4961
4960
4960 4961
4960
4959 4960
4959
4958 4959
4958
4956 4958
4958
4956 4958
4958
4958 4959
4958
4958 4959
4958
4956 4958
4958
4958 4959
4958
4956 4958
4958
4956 4958
4958
4956 4958
4958
4958 4959
4959
4959 4960
4960
4959 4960
4960
4960 4961
4960
4959 4960
4960
4959 4960
4960
4960 4961
4960
4959 4960
4959
4958 4959
4958
4958 4959
4958
4956 4958
4956
4955 4956
4955
4955 4956
4955
4955 4956
4955
4955 4956
4955
4955 4956
4955
4954 4955
4955
4954 4955
4954
4954 4955
4954
4953 4954
4953
4953 4954
4954
4954 4955
4954
4954 4955
4954
4953 4954
4953
4953 4954
4953
4953 4954
4953
4952 4953
4952
4952 4953
4952
4951 4952
4952
4951 4952
4951
4951 4952
4951
4950 4951
4950
4950 4951
4950
4949 4950
4950
4950 4951
4951
4951 4952
4951
4950 4951
4950
4950 4951
4950
4949 4950
4950
4949 4950
4949
4949 4950
4950
4949 4950
4950
4949 4950
4949
4948 4949
4949
4949 4950
4950
4950 4951
4951
4950 4951
4951
4951 4952
4952
4951 4952
4952
4951 4952
4952
4952 4953
4952
4951 4952
4951
4951 4952
4951
4950 4951
4951
4951 4952
4952
4951 4952
4952
4951 4952
4951
4950 4951
4951
4951 4952
4952
4951 4952
4952
4951 4952
4952
4951 4952
4951
4950 4951
4950
4950 4951
4951
4951 4952
4952
4952 4953
4953
4952 4953
4952
4952 4953
4953
4952 4953
4952
4952 4953
4952
4951 4952
4952
4951 4952
4951
4950 4951
4951
4950 4951
4950
4950 4951
4951
4951 4952
4951
4950 4951
4951
4951 4952
4951
4950 4951
4950
4950 4951
4950
4949 4950
4950
4950 4951
4950
4950 4951
4950
4950 4951
4950
4949 4950
4949
4948 4949
4948
4948 4949
4948
4947 4948
4947
4947 4948
4948
4947 4948
4947
4947 4948
4948
4947 4948
4947
4946 4947
4947
4947 4948
4948
4947 4948
4948
4947 4948
4947
4947 4948
4947
4947 4948
4948
4947 4948
4948
4947 4948
4948
4948 4949
4949
4948 4949
4948
4948 4949
4949
4948 4949
4948
4947 4948
4947
4946 4947
4947
4946 4947
4946
4945 4946
4945
4942 4945
4942
4941 4942
4941
4941 4942
4941
4939 4941
4941
4941 4942
4941
4939 4941
4939
4939 4941
4939
4939 4941
4941
4939 4941
4941
4941 4942
4941
4939 4941
4941
4939 4941
4941
4941 4942
4941
4941 4942
4941
4941 4942
4942
4942 4945
4942
4942 4945
4945
4945 4946
4946
4945 4946
4945
4942 4945
4942
4941 4942
4942
4942 4945
4945
4942 4945
4945
4942 4945
4945
4942 4945
4942
4942 4945
4942
4941 4942
4941
4941 4942
4942
4942 4945
4942
4942 4945
4942
4942 4945
4942
4941 4942
4941
4941 4942
4942
4941 4942
4942
4942 4945
4945
4942 4945
4945
4945 4946
4946
4946 4947
4946
4946 4947
4947
4947 4948
4948
4947 4948
4948
4948 4949
4948
4948 4949
4949
4948 4949
4948
4948 4949
4948
4948 4949
4948
4947 4948
4947
4947 4948
4948
4948 4949
4949
4948 4949
4948
4947 4948
4948
4947 4948
4947
4947 4948
4948
4947 4948
4948
4948 4949
4948
4948 4949
4948
4948 4949
4948
4947 4948
4947
4946 4947
4946
4945 4946
4945
4945 4946
4946
4945 4946
4946
4946 4947
4946
4945 4946
4945
4945 4946
4945
4942 4945
4945
4945 4946
4946
4946 4947
4946
4945 4946
4945
4942 4945
4945
4942 4945
4942
4941 4942
4942
4942 4945
4942
4941 4942
4942
4941 4942
4941
4939 4941
4939
4939 4941
4939
4938 4939
4939
4939 4941
4939
4939 4941
4941
4939 4941
4941
4939 4941
4941
4941 4942
4942
4941 4942
4941
4941 4942
4942
4941 4942
4942
4942 4945
4945
4945 4946
4945
4942 4945
4945
4942 4945
4942
4942 4945
4942
4942 4945
4942
4941 4942
4941
4939 4941
4939
4939 4941
4941
4941 4942
4942
4941 4942
4942
4941 4942
4941
4939 4941
4939
4938 4939
4938
4937 4938
4938
4937 4938
4937
4937 4938
4938
4937 4938
4938
4938 4939
4939
4939 4941
4941
4941 4942
4941
4939 4941
4939
4938 4939
4938
4938 4939
4938
4937 4938
4938
4938 4939
4939
4939 4941
4939
4939 4941
4939
4939 4941
4939
4938 4939
4939
4939 4941
4941
4939 4941
4939
4938 4939
4939
4938 4939
4939
4938 4939
4938
4938 4939
4939
4938 4939
4939
4938 4939
4938
4937 4938
4937
4936 4937
4936
4936 4937
4936
4936 4937
4936
4936 4937
4937
4936 4937
4936
4934 4936
4936
4936 4937
4936
4934 4936
4934
4931 4934
4931
4930 4931
4930
4929 4930
4929
4928 4929
4928
4928 4929
4929
4928 4929
4928
4928 4929
4929
4929 4930
4929
4929 4930
4929
4929 4930
4930
4930 4931
4931
4931 4934
4934
4934 4936
4934
4934 4936
4936
4934 4936
4936
4934 4936
4934
4934 4936
4936
4934 4936
4934
4934 4936
4936
4936 4937
4937
4936 4937
4936
4936 4937
4936
4934 4936
4936
4934 4936
4934
4934 4936
4934
4931 4934
4931
4931 4934
4934
4934 4936
4934
4931 4934
4931
4931 4934
4931
4930 4931
4931
4930 4931
4930
4929 4930
4930
4929 4930
4929
4928 4929
4929
4929 4930
4929
4928 4929
4929
4929 4930
4930
4929 4930
4930
4930 4931
4931
4931 4934
4931
4930 4931
4930
4929 4930
4929
4928 4929
4929
4928 4929
4929
4929 4930
4929
4928 4929
4928
4928 4929
4929
4929 4930
4929
4929 4930
4929
4929 4930
4930
4930 4931
4931
4931 4934
4931
4930 4931
4931
4930 4931
4931
4930 4931
4930
4930 4931
4931
4930 4931
4930
4930 4931
4931
4931 4934
4934
4931 4934
4931
4930 4931
4930
4930 4931
4930
4930 4931
4930
4930 4931
4930
4930 4931
4930
4929 4930
4929
4928 4929
4929
4928 4929
4929
4929 4930
4930
4929 4930
4930
4929 4930
4929
4929 4930
4929
4929 4930
4930
4930 4931
4930
4930 4931
4930
4930 4931
4930
4930 4931
4931
4930 4931
4931
4930 4931
4930
4929 4930
4929
4928 4929
4929
4929 4930
4930
4930 4931
4931
4931 4934
4931
4931 4934
4934
4934 4936
4936
4936 4937
4937
4937 4938
4937
4936 4937
4937
4937 4938
4938
4938 4939
4939
4939 4941
4941
4939 4941
4939
4939 4941
4941
4939 4941
4939
4939 4941
4941
4941 4942
4941
4941 4942
4942
4942 4945
4945
4945 4946
4946
4946 4947
4947
4947 4948
4947
4946 4947
4946
4945 4946
4946
4946 4947
4946
4946 4947
4946
4946 4947
4946
4945 4946
4946
4946 4947
4947
4946 4947
4947
4946 4947
4946
4946 4947
4946
4946 4947
4947
4946 4947
4946
4945 4946
4945
4945 4946
4946
4946 4947
4946
4945 4946
4945
4945 4946
4946
4945 4946
4946
4945 4946
4946
4945 4946
4945
4945 4946
4945
4945 4946
4946
4946 4947
4947
4946 4947
4947
4947 4948
4948
4948 4949
4948
4947 4948
4948
4948 4949
4949
4949 4950
4949
4949 4950
4950
4950 4951
4951
4951 4952
4952
4952 4953
4953
4952 4953
4952
4952 4953
4952
4951 4952
4952
4952 4953
4953
4952 4953
4953
4953 4954
4953
4952 4953
4952
4951 4952
4951
4951 4952
4951
4951 4952
4952
4952 4953
4953
4953 4954
4953
4952 4953
4953
4952 4953
4952
4952 4953
4952
4952 4953
4953
4953 4954
4954
4954 4955
4955
4955 4956
4956
4955 4956
4955
4955 4956
4956
4956 4958
4958
4958 4959
4958
4958 4959
4958
4958 4959
4959
4959 4960
4960
4959 4960
4960
4959 4960
4959
4958 4959
4958
4956 4958
4956
4955 4956
4956
4956 4958
4956
4955 4956
4955
4954 4955
4955
4954 4955
4955
4954 4955
4955
4955 4956
4955
4954 4955
4954
4954 4955
4954
4953 4954
4954
4953 4954
4953
4953 4954
4954
4953 4954
4954
4953 4954
4954
4954 4955
4955
4955 4956
4955
4954 4955
4955
4955 4956
4956
4956 4958
4956
4955 4956
4956
4956 4958
4958
4958 4959
4959
4958 4959
4959
4958 4959
4958
4956 4958
4958
4956 4958
4956
4956 4958
4956
4956 4958
4956
4955 4956
4956
4956 4958
4958
4958 4959
4959
4958 4959
4959
4958 4959
4958
4956 4958
4956
4955 4956
4956
4956 4958
4958
4956 4958
4956
4956 4958
4956
4955 4956
4956
4955 4956
4956
4956 4958
4956
4955 4956
4955
4955 4956
4956
4955 4956
4955
4955 4956
4956
4955 4956
4956
4955 4956
4955
4955 4956
4955
4954 4955
4955
4955 4956
4956
4955 4956
4955
4954 4955
4955
4955 4956
4956
4955 4956
4955
4955 4956
4956
4955 4956
4955
4955 4956
4956
4956 4958
4956
4955 4956
4955
4954 4955
4954
4953 4954
4953
4953 4954
4954
4953 4954
4954
4953 4954
4953
4953 4954
4953
4953 4954
4954
4954 4955
4954
4953 4954
4953
4952 4953
4952
4951 4952
4952
4951 4952
4952
4952 4953
4953
4952 4953
4952
4952 4953
4952
4952 4953
4953
4953 4954
4953
4952 4953
4952
4951 4952
4952
4952 4953
4953
4953 4954
4953
4953 4954
4954
4953 4954
4953
4953 4954
4953
4953 4954
4954
4954 4955
4955
4955 4956
4955
4954 4955
4954
4954 4955
4954
4954 4955
4954
4954 4955
4955
4954 4955
4955
4954 4955
4955
4955 4956
4955
4955 4956
4955
4955 4956
4955
4954 4955
4955
4954 4955
4954
4953 4954
4954
4954 4955
4954
4954 4955
4954
4954 4955
4955
4955 4956
4955
4954 4955
4954
4953 4954
4954
4953 4954
4954
4953 4954
4953
4953 4954
4954
4953 4954
4953
4952 4953
4952
4951 4952
4951
4950 4951
4950
4949 4950
4949
4948 4949
4949
4948 4949
4949
4949 4950
4950
4949 4950
4950
4949 4950
4949
4948 4949
4948
4947 4948
4948
4948 4949
4949
4948 4949
4948
4948 4949
4948
4948 4949
4949
4948 4949
4949
4948 4949
4948
4948 4949
4948
4947 4948
4948
4948 4949
4948
4948 4949
4949
4948 4949
4949
4948 4949
4949
4949 4950
4950
4950 4951
4950
4949 4950
4949
4948 4949
4949
4948 4949
4949
4948 4949
4949
4949 4950
4949
4949 4950
4949
4949 4950
4950
4949 4950
4949
4949 4950
4950
4950 4951
4950
4950 4951
4950
4950 4951
4950
4950 4951
4951
4950 4951
4950
4950 4951
4951
4950 4951
4950
4950 4951
4951
4951 4952
4952
4951 4952
4952
4951 4952
4951
4950 4951
4950
4949 4950
4949
4949 4950
4950
4949 4950
4950
4950 4951
4951
4950 4951
4951
4951 4952
4951
4950 4951
4950
4949 4950
4950
4950 4951
4951
4950 4951
4950
4949 4950
4950
4950 4951
4950
4949 4950
4949
4948 4949
4948
4947 4948
4948
4947 4948
4947
4947 4948
4947
4947 4948
4947
4947 4948
4948
4947 4948
4947
4946 4947
4946
4946 4947
4946
4945 4946
4945
4944 4945
4945
4945 4946
4945
4944 4945
4945
4944 4945
4945
4944 4945
4945
4944 4945
4945
4944 4945
4945
4945 4946
4945
4945 4946
4945
4945 4946
4945
4944 4945
4944
4942 4944
4944
4944 4945
4945
4945 4946
4946
4946 4947
4946
4945 4946
4945
4945 4946
4945
4944 4945
4945
4945 4946
4946
4945 4946
4945
4944 4945
4944
4942 4944
4942
4941 4942
4942
4941 4942
4942
4942 4944
4942
4941 4942
4942
4941 4942
4942
4942 4944
4944
4942 4944
4944
4942 4944
4942
4942 4944
4942
4942 4944
4942
4942 4944
4942
4941 4942
4942
4942 4944
4942
4941 4942
4942
4941 4942
4941
4939 4941
4941
4941 4942
4941
4941 4942
4941
4939 4941
4941
4941 4942
4942
4941 4942
4942
4942 4944
4944
4944 4945
4945
4945 4946
4946
4946 4947
4947
4947 4948
4947
4947 4948
4948
4947 4948
4947
4946 4947
4947
4946 4947
4947
4946 4947
4947
4946 4947
4946
4945 4946
4945
4944 4945
4945
4945 4946
4945
4944 4945
4944
4943 4944
4944
4943 4944
4943
4943 4944
4943
4943 4944
4944
4943 4944
4943
4942 4943
4943
4943 4944
4944
4944 4945
4945
4945 4946
4946
4946 4947
4946
4946 4947
4946
4945 4946
4946
4946 4947
4947
4946 4947
4946
4946 4947
4946
4946 4947
4947
4946 4947
4947
4946 4947
4946
4946 4947
4946
4945 4946
4946
4945 4946
4945
4944 4945
4945
4945 4946
4946
4946 4947
4947
4946 4947
4946
4945 4946
4945
4944 4945
4944
4944 4945
4944
4943 4944
4943
4942 4943
4942
4941 4942
4941
4939 4941
4939
4938 4939
4938
4938 4939
4938
4937 4938
4938
4938 4939
4939
4939 4941
4941
4941 4942
4942
4942 4943
4942
4941 4942
4942
4942 4943
4942
4941 4942
4942
4942 4943
4943
4942 4943
4942
4942 4943
4943
4943 4944
4944
4943 4944
4943
4942 4943
4942
4942 4943
4943
4942 4943
4943
4943 4944
4944
4943 4944
4943
4943 4944
4944
4944 4945
4944
4943 4944
4944
4943 4944
4944
4944 4945
4945
4945 4946
4946
4945 4946
4945
4945 4946
4945
4945 4946
4945
4945 4946
4945
4945 4946
4945
4944 4945
4945
4944 4945
4944
4943 4944
4943
4942 4943
4942
4941 4942
4942
4942 4943
4942
4942 4943
4942
4942 4943
4943
4942 4943
4942
4942 4943
4942
4942 4943
4943
4942 4943
4943
4942 4943
4942
4941 4942
4941
4939 4941
4939
4938 4939
4938
4938 4939
4939
4939 4941
4939
4939 4941
4941
4941 4942
4941
4939 4941
4941
4941 4942
4941
4941 4942
4941
4941 4942
4941
4941 4942
4942
4941 4942
4942
4941 4942
4942
4942 4943
4942
4941 4942
4941
4939 4941
4941
4939 4941
4941
4941 4942
4941
4941 4942
4941
4941 4942
4942
4942 4943
4943
4943 4944
4943
4943 4944
4944
4944 4945
4945
4944 4945
4944
4944 4945
4944
4943 4944
4944
4943 4944
4944
4944 4945
4944
4944 4945
4945
4945 4946
4946
4946 4947
4946
4945 4946
4946
4946 4947
4947
4946 4947
4947
4947 4948
4948
4947 4948
4947
4947 4948
4947
4946 4947
4946
4946 4947
4947
4946 4947
4946
4946 4947
4947
4946 4947
4946
4946 4947
4947
4947 4948
4947
4946 4947
4946
4946 4947
4947
4947 4948
4948
4948 4949
4948
4947 4948
4948
4947 4948
4948
4947 4948
4948
4947 4948
4947
4947 4948
4947
4947 4948
4947
4947 4948
4947
4946 4947
4947
4947 4948
4947
4947 4948
4947
4946 4947
4947
4947 4948
4948
4947 4948
4948
4948 4949
4948
4948 4949
4949
4949 4950
4950
4949 4950
4950
4949 4950
4949
4948 4949
4948
4947 4948
4948
4947 4948
4948
4948 4949
4948
4947 4948
4947
4946 4947
4946
4945 4946
4946
4946 4947
4946
4946 4947
4947
4947 4948
4947
4946 4947
4946
4946 4947
4947
4947 4948
4947
4946 4947
4946
4946 4947
4947
4947 4948
4947
4947 4948
4947
4946 4947
4947
4946 4947
4947
4946 4947
4947
4947 4948
4948
4948 4949
4948
4948 4949
4948
4947 4948
4947
4947 4948
4948
4947 4948
4947
4946 4947
4946
4946 4947
4946
4945 4946
4945
4945 4946
4945
4945 4946
4946
4945 4946
4945
4945 4946
4946
4945 4946
4945
4945 4946
4945
4944 4945
4945
4944 4945
4944
4943 4944
4944
4944 4945
4945
4944 4945
4945
4945 4946
4946
4946 4947
4946
4946 4947
4946
4945 4946
4946
4946 4947
4946
4946 4947
4946
4945 4946
4946
4946 4947
4947
4947 4948
4947
4946 4947
4946
4946 4947
4946
4946 4947
4947
4947 4948
4947
4947 4948
4948
4947 4948
4947
4947 4948
4947
4947 4948
4947
4947 4948
4948
4947 4948
4947
4947 4948
4947
4947 4948
4947
4947 4948
4947
4947 4948
4948
4948 4949
4948
4948 4949
4949
4948 4949
4948
4948 4949
4948
4948 4949
4948
4948 4949
4948
4948 4949
4949
4948 4949
4949
4949 4950
4950
4950 4951
4951
4950 4951
4951
4951 4952
4951
4951 4952
4952
4951 4952
4951
4951 4952
4952
4952 4953
4953
4952 4953
4952
4952 4953
4952
4951 4952
4952
4952 4953
4953
4952 4953
4952
4952 4953
4953
4952 4953
4953
4953 4954
4954
4953 4954
4954
4954 4955
4955
4955 4956
4955
4954 4955
4955
4954 4955
4955
4954 4955
4954
4953 4954
4953
4953 4954
4954
4954 4955
4954
4953 4954
4954
4953 4954
4954
4954 4955
4955
4954 4955
4955
4955 4956
4955
4954 4955
4955
4955 4956
4955
4955 4956
4955
4955 4956
4955
4954 4955
4954
4954 4955
4954
4954 4955
4955
4955 4956
4956
4956 4958
4958
4956 4958
4958
4958 4959
4958
4956 4958
4958
4958 4959
4958
4958 4959
4959
4959 4960
4960
4959 4960
4960
4959 4960
4959
4959 4960
4959
4958 4959
4959
4959 4960
4959
4958 4959
4958
4956 4958
4958
4956 4958
4958
4958 4959
4959
4959 4960
4960
4960 4961
4960
4960 4961
4960
4960 4961
4961
4961 4962
4961
4961 4962
4962
4962 4964
4964
4964 4968
4964
4964 4968
4968
4968 4969
4969
4969 4971
4971
4971 4972
4971
4969 4971
4969
4968 4969
4968
4968 4969
4969
4969 4971
4971
4969 4971
4971
4971 4972
4972
4972 4973
4972
4972 4973
4972
4971 4972
4972
4971 4972
4971
4971 4972
4971
4969 4971
4971
4969 4971
4969
4968 4969
4968
4964 4968
4964
4964 4968
4968
4968 4969
4969
4969 4971
4969
4969 4971
4971
4971 4972
4971
4971 4972
4971
4971 4972
4972
4971 4972
4972
4972 4973
4972
4972 4973
4973
4973 4974
4973
4973 4974
4974
4973 4974
4974
4973 4974
4974
4974 4975
4974
4974 4975
4975
4974 4975
4974
4973 4974
4974
4973 4974
4973
4972 4973
4972
4971 4972
4971
4971 4972
4972
4972 4973
4973
4973 4974
4973
4972 4973
4973
4972 4973
4973
4973 4974
4973
4973 4974
4973
4973 4974
4974
4973 4974
4973
4973 4974
4973
4973 4974
4974
4974 4975
4975
4975 4976
4976
4976 4977
4977
4976 4977
4977
4976 4977
4977
4976 4977
4976
4976 4977
4976
4975 4976
4975
4974 4975
4974
4974 4975
4975
4974 4975
4974
4974 4975
4975
4974 4975
4974
4973 4974
4973
4972 4973
4972
4971 4972
4972
4971 4972
4972
4971 4972
4972
4972 4973
4972
4971 4972
4972
4972 4973
4973
4973 4974
4973
4972 4973
4972
4972 4973
4973
4973 4974
4973
4972 4973
4972
4972 4973
4973
4973 4974
4974
4973 4974
4974
4974 4975
4975
4975 4976
4976
4975 4976
4975
4975 4976
4975
4974 4975
4974
4973 4974
4974
4973 4974
4974
4974 4975
4974
4974 4975
4975
4975 4976
4976
4976 4977
4976
4976 4977
4976
4976 4977
4977
4977 4978
4978
4977 4978
4977
4976 4977
4977
4976 4977
4977
4976 4977
4977
4976 4977
4976
4976 4977
4977
4977 4978
4977
4977 4978
4977
4977 4978
4977
4976 4977
4976
4976 4977
4976
4976 4977
4976
4975 4976
4976
4975 4976
4975
4975 4976
4976
4975 4976
4976
4975 4976
4976
4976 4977
4976
4975 4976
4976
4975 4976
4976
4975 4976
4976
4975 4976
4976
4976 4977
4976
4976 4977
4977
4977 4978
4978
4977 4978
4978
4978 4981
4981
4978 4981
4978
4978 4981
4981
4978 4981
4978
4978 4981
4978
4978 4981
4981
4978 4981
4978
4977 4978
4977
4976 4977
4977
4977 4978
4977
4977 4978
4977
4977 4978
4978
4977 4978
4977
4976 4977
4977
4976 4977
4977
4976 4977
4976
4976 4977
4976
4976 4977
4977
4976 4977
4977
4977 4978
4978
4978 4981
4981
4978 4981
4981
4978 4981
4978
4978 4981
4978
4977 4978
4977
4976 4977
4976
4976 4977
4977
4976 4977
4977
4976 4977
4976
4975 4976
4976
4975 4976
4975
4974 4975
4974
4974 4975
4975
4974 4975
4974
4974 4975
4974
4973 4974
4974
4973 4974
4973
4973 4974
4974
4973 4974
4973
4972 4973
4973
4973 4974
4973
4973 4974
4974
4974 4975
4974
4973 4974
4974
4974 4975
4975
4974 4975
4974
4973 4974
4973
4973 4974
4973
4972 4973
4972
4972 4973
4973
4972 4973
4972
4972 4973
4972
4972 4973
4972
4971 4972
4972
4971 4972
4972
4972 4973
4972
4971 4972
4972
4971 4972
4972
4972 4973
4973
4973 4974
4974
4973 4974
4973
4972 4973
4972
4972 4973
4972
4971 4972
4971
4969 4971
4969
4968 4969
4968
4964 4968
4968
4968 4969
4968
4968 4969
4968
4964 4968
4964
4962 4964
4964
4962 4964
4962
4962 4964
4964
4962 4964
4964
4962 4964
4962
4961 4962
4961
4961 4962
4962
4962 4964
4962
4961 4962
4962
4961 4962
4962
4961 4962
4961
4960 4961
4961
4961 4962
4961
4961 4962
4962
4961 4962
4961
4961 4962
4961
4960 4961
4960
4959 4960
4960
4959 4960
4960
4959 4960
4960
4959 4960
4959
4959 4960
4959
4958 4959
4959
4958 4959
4959
4958 4959
4958
4958 4959
4959
4958 4959
4958
4956 4958
4956
4956 4958
4956
4956 4958
4956
4956 4958
4958
4958 4959
4959
4958 4959
4959
4959 4960
4959
4959 4960
4959
4959 4960
4960
4960 4961
4960
4960 4961
4960
4960 4961
4961
4961 4962
4962
4962 4964
4962
4961 4962
4962
4961 4962
4962
4961 4962
4962
4962 4964
4962
4962 4964
4964
4962 4964
4962
4961 4962
4961
4961 4962
4962
4962 4964
4962
4962 4964
4964
4964 4968
4968
4968 4969
4969
4968 4969
4969
4969 4971
4971
4971 4972
4972
4972 4973
4973
4972 4973
4972
4971 4972
4971
4971 4972
4971
4969 4971
4969
4968 4969
4969
4969 4971
4971
4969 4971
4969
4968 4969
4968
4968 4969
4969
4968 4969
4969
4968 4969
4968
4964 4968
4968
4968 4969
4968
4964 4968
4964
4964 4968
4964
4964 4968
4964
4964 4968
4968
4968 4969
4968
4964 4968
4964
4962 4964
4962
4962 4964
4964
4962 4964
4964
4962 4964
4964
4964 4968
4964
4962 4964
4964
4964 4968
4964
4964 4968
4968
4964 4968
4968
4968 4969
4969
4969 4971
4969
4968 4969
4968
4964 4968
4964
4962 4964
4962
4962 4964
4964
4964 4968
4968
4968 4969
4968
4964 4968
4968
4968 4969
4968
4964 4968
4968
4968 4969
4969
4968 4969
4969
4968 4969
4969
4969 4971
4969
4968 4969
4968
4966 4968
4968
4968 4969
4969
4968 4969
4969
4968 4969
4968
4966 4968
4966
4964 4966
4964
4962 4964
4964
4964 4966
4966
4966 4968
4966
4964 4966
4964
4964 4966
4966
4964 4966
4966
4964 4966
4966
4964 4966
4964
4962 4964
4964
4964 4966
4964
4964 4966
4966
4964 4966
4964
4964 4966
4964
4964 4966
4966
4966 4968
4966
4966 4968
4968
4966 4968
4968
4968 4969
4969
4968 4969
4968
4966 4968
4966
4964 4966
4966
4964 4966
4964
4962 4964
4964
4964 4966
4964
4964 4966
4964
4964 4966
4966
4964 4966
4966
4966 4968
4968
4968 4969
4969
4968 4969
4968
4966 4968
4968
4968 4969
4969
4969 4971
4969
4969 4971
4971
4969 4971
4971
4971 4972
4971
4969 4971
4971
4971 4972
4972
4971 4972
4971
4969 4971
4971
4969 4971
4969
4968 4969
4969
4969 4971
4969
4969 4971
4969
4969 4971
4971
4971 4972
4972
4972 4973
4973
4973 4974
4973
4973 4974
4974
4973 4974
4974
4974 4975
4974
4974 4975
4975
4974 4975
4975
4975 4976
4975
4975 4976
4976
4976 4977
4977
4977 4978
4977
4976 4977
4976
4975 4976
4975
4974 4975
4974
4973 4974
4973
4972 4973
4973
4972 4973
4973
4972 4973
4973
4973 4974
4973
4973 4974
4974
4974 4975
4974
4973 4974
4974
4973 4974
4973
4973 4974
4974
4973 4974
4973
4972 4973
4973
4972 4973
4973
4972 4973
4972
4972 4973
4972
4971 4972
4972
4972 4973
4972
4972 4973
4972
4971 4972
4971
4971 4972
4971
4969 4971
4969
4968 4969
4968
4968 4969
4968
4966 4968
4968
4968 4969
4969
4968 4969
4968
4968 4969
4969
4968 4969
4968
4968 4969
4968
4966 4968
4968
4968 4969
4968
4968 4969
4968
4968 4969
4968
4968 4969
4968
4966 4968
4966
4966 4968
4968
4966 4968
4968
4968 4969
4969
4969 4971
4971
4969 4971
4971
4969 4971
4971
4969 4971
4971
4969 4971
4969
4969 4971
4971
4971 4972
4971
4969 4971
4969
4969 4971
4971
4969 4971
4969
4968 4969
4969
4968 4969
4968
4968 4969
4968
4966 4968
4968
4968 4969
4968
4968 4969
4968
4966 4968
4968
4968 4969
4968
4966 4968
4966
4964 4966
4964
4964 4966
4964
4964 4966
4964
4964 4966
4966
4964 4966
4964
4964 4966
4964
4962 4964
4964
4964 4966
4964
4964 4966
4966
4966 4968
4968
4968 4969
4969
4969 4971
4971
4969 4971
4971
4971 4972
4972
4971 4972
4971
4971 4972
4971
4969 4971
4971
4969 4971
4971
4971 4972
4972
4971 4972
4971
4969 4971
4971
4969 4971
4971
4969 4971
4971
4969 4971
4971
4971 4972
4971
4969 4971
4971
4971 4972
4972
4972 4973
4972
4972 4973
4973
4972 4973
4973
4973 4974
4973
4972 4973
4972
4972 4973
4972
4972 4973
4972
4972 4973
4972
4971 4972
4972
4972 4973
4972
4972 4973
4972
4972 4973
4973
4973 4974
4973
4972 4973
4973
4973 4974
4973
4972 4973
4972
4972 4973
4973
4972 4973
4973
4973 4974
4974
4974 4975
4975
4974 4975
4974
4973 4974
4974
4974 4975
4975
4975 4976
4975
4975 4976
4975
4975 4976
4975
4974 4975
4975
4974 4975
4974
4974 4975
4974
4974 4975
4975
4974 4975
4975
4974 4975
4974
4974 4975
4974
4973 4974
4974
4974 4975
4974
4973 4974
4974
4973 4974
4974
4974 4975
4974
4973 4974
4973
4973 4974
4973
4972 4973
4972
4972 4973
4973
4972 4973
4972
4972 4973
4972
4971 4972
4972
4971 4972
4972
4971 4972
4972
4971 4972
4971
4971 4972
4972
4971 4972
4971
4969 4971
4969
4969 4971
4971
4969 4971
4971
4971 4972
4972
4972 4973
4973
4972 4973
4972
4972 4973
4973
4972 4973
4972
4972 4973
4972
4972 4973
4972
4971 4972
4971
4969 4971
4969
4969 4971
4969
4969 4971
4969
4969 4971
4971
4969 4971
4969
4969 4971
4971
4971 4972
4971
4971 4972
4971
4971 4972
4972
4972 4973
4972
4971 4972
4971
4971 4972
4971
4969 4971
4971
4969 4971
4969
4968 4969
4968
4968 4969
4969
4968 4969
4969
4969 4971
4969
4968 4969
4968
4966 4968
4968
4968 4969
4968
4966 4968
4966
4966 4968
4966
4964 4966
4964
4964 4966
4964
4962 4964
4962
4962 4964
4962
4961 4962
4961
4961 4962
4961
4961 4962
4962
4961 4962
4961
4961 4962
4961
4961 4962
4962
4962 4964
4962
4962 4964
4964
4962 4964
4962
4961 4962
4962
4962 4964
4962
4961 4962
4961
4960 4961
4961
4961 4962
4962
4962 4964
4962
4962 4964
4964
4962 4964
4964
4962 4964
4962
4961 4962
4962
4962 4964
4962
4962 4964
4964
4962 4964
4964
4964 4966
4966
4964 4966
4966
4966 4968
4966
4966 4968
4968
4966 4968
4968
4968 4969
4968
4966 4968
4966
4966 4968
4966
4966 4968
4966
4964 4966
4964
4964 4966
4964
4962 4964
4964
4962 4964
4964
4962 4964
4962
4962 4964
4962
4961 4962
4962
4961 4962
4961
4960 4961
4961
4961 4962
4962
4962 4964
4962
4962 4964
4962
4962 4964
4964
4962 4964
4964
4964 4966
4966
4966 4968
4968
4968 4969
4968
4968 4969
4969
4968 4969
4969
4968 4969
4968
4966 4968
4968
4968 4969
4969
4968 4969
4969
4969 4971
4969
4969 4971
4969
4969 4971
4971
4969 4971
4969
4969 4971
4971
4971 4972
4972
4972 4973
4973
4972 4973
4973
4972 4973
4972
4971 4972
4971
4971 4972
4971
4971 4972
4971
4971 4972
4971
4969 4971
4969
4968 4969
4968
4966 4968
4968
4966 4968
4968
4966 4968
4968
4966 4968
4968
4968 4969
4969
4968 4969
4968
4968 4969
4969
4969 4971
4971
4971 4972
4972
4971 4972
4972
4971 4972
4972
4971 4972
4972
4971 4972
4971
4969 4971
4971
4971 4972
4971
4971 4972
4971
4969 4971
4971
4971 4972
4972
4971 4972
4971
4971 4972
4972
4972 4973
4973
4972 4973
4973
4973 4974
4973
4972 4973
4973
4972 4973
4972
4971 4972
4971
4971 4972
4971
4969 4971
4971
4969 4971
4971
4971 4972
4972
4972 4973
4973
4972 4973
4973
4972 4973
4972
4972 4973
4973
4973 4974
4974
4974 4975
4975
4975 4976
4976
4976 4977
4977
4977 4978
4978
4978 4980
4980
4980 4981
4980
4978 4980
4980
4980 4981
4980
4980 4981
4980
4978 4980
4978
4978 4980
4978
4978 4980
4978
4978 4980
4980
4980 4981
4980
4980 4981
4981
4980 4981
4980
4978 4980
4980
4980 4981
4981
4981 4982
4982
4982 4983
4983
4983 4984
4983
4982 4983
4983
4983 4984
4984
4983 4984
4983
4982 4983
4982
4982 4983
4983
4983 4984
4983
4982 4983
4982
4981 4982
4981
4981 4982
4981
4981 4982
4981
4981 4982
4981
4981 4982
4982
4981 4982
4982
4982 4983
4983
4982 4983
4983
4983 4984
4984
4984 4986
4984
4983 4984
4983
4983 4984
4983
4983 4984
4984
4983 4984
4984
4984 4986
4984
4984 4986
4984
4984 4986
4986
4984 4986
4986
4986 4987
4986
4986 4987
4986
4986 4987
4986
4986 4987
4987
4987 4988
4988
4987 4988
4988
4988 4989
4988
4988 4989
4989
4989 4990
4989
4988 4989
4988
4988 4989
4988
4988 4989
4989
4988 4989
4989
4989 4990
4989
4988 4989
4988
4987 4988
4988
4987 4988
4988
4988 4989
4989
4989 4990
4989
4989 4990
4989
4989 4990
4989
4988 4989
4988
4988 4989
4989
4988 4989
4988
4988 4989
4988
4988 4989
4989
4989 4990
4989
4988 4989
4989
4989 4990
4989
4988 4989
4989
4989 4990
4989
4989 4990
4990
4989 4990
4990
4990 4991
4991
4990 4991
4990
4989 4990
4990
4990 4991
4991
4990 4991
4991
4990 4991
4991
4990 4991
4990
4990 4991
4991
4991 4993
4993
4991 4993
4993
4993 4994
4994
4993 4994
4993
4993 4994
4993
4991 4993
4993
4991 4993
4993
4993 4994
4993
4991 4993
4991
4991 4993
4991
4990 4991
4990
4989 4990
4989
4989 4990
4989
4988 4989
4989
4989 4990
4990
4990 4991
4991
4991 4993
4993
4991 4993
4993
4993 4994
4994
4994 4995
4994
4994 4995
4995
4995 4996
4995
4994 4995
4995
4994 4995
4995
4994 4995
4995
4994 4995
4995
4995 4996
4996
4995 4996
4995
4995 4996
4995
4994 4995
4994
4994 4995
4994
4993 4994
4994
4994 4995
4995
4995 4996
4995
4995 4996
4995
4994 4995
4994
4993 4994
4994
4994 4995
4995
4995 4996
4996
4995 4996
4996
4995 4996
4996
4996 4997
4996
4996 4997
4997
4996 4997
4996
4995 4996
4995
4994 4995
4995
4994 4995
4995
4994 4995
4994
4994 4995
4995
4994 4995
4995
4994 4995
4995
4995 4996
4996
4995 4996
4995
4994 4995
4995
4994 4995
4994
4994 4995
4995
4994 4995
4995
4995 4996
4996
4996 4997
4996
4995 4996
4996
4996 4997
4996
4996 4997
4997
4997 4999
4999
4999 5000
5000
5000 5001
5000
4999 5000
5000
4999 5000
5000
4999 5000
4999
4999 5000
5000
5000 5001
5000
5000 5001
5000
4999 5000
5000
4999 5000
4999
4997 4999
4997
4996 4997
4996
4996 4997
4997
4997 4999
4997
4996 4997
4996
4996 4997
4996
4996 4997
4997
4997 4999
4997
4997 4999
4999
4997 4999
4997
4996 4997
4997
4997 4999
4997
4997 4999
4999
4999 5000
4999
4997 4999
4999
4997 4999
4999
4997 4999
4997
4996 4997
4997
4996 4997
4997
4996 4997
4997
4996 4997
4997
4997 4999
4997
4997 4999
4999
4999 5000
4999
4999 5000
4999
4997 4999
4997
4997 4999
4999
4997 4999
4997
4997 4999
4997
4996 4997
4996
4995 4996
4996
4996 4997
4996
4996 4997
4996
4995 4996
4996
4996 4997
4996
4996 4997
4996
4996 4997
4996
4995 4996
4995
4995 4996
4995
4995 4996
4996
4995 4996
4996
4996 4997
4996
4995 4996
4995
4994 4995
4995
4994 4995
4994
4994 4995
4995
4995 4996
4996
4996 4997
4997
4996 4997
4997
4996 4997
4997
4997 4999
4999
4997 4999
4997
4996 4997
4997
4996 4997
4997
4996 4997
4996
4996 4997
4996
4995 4996
4996
4995 4996
4996
4996 4997
4996
4996 4997
4997
4997 4999
4997
4997 4999
4999
4997 4999
4999
4997 4999
4999
4997 4999
4999
4997 4999
4997
4996 4997
4996
4996 4997
4997
4996 4997
4997
4996 4997
4997
4996 4997
4997
4997 4999
4999
4997 4999
4997
4996 4997
4997
4997 4999
4997
4996 4997
4996
4996 4997
4996
4995 4996
4995
4995 4996
4995
4995 4996
4996
4996 4997
4996
4995 4996
4996
4995 4996
4995
4995 4996
4996
4995 4996
4996
4996 4997
4996
4996 4997
4996
4995 4996
4996
4996 4997
4996
4996 4997
4997
4997 4999
4997
4997 4999
4999
4999 5000
4999
4999 5000
4999
4997 4999
4999
4999 5000
4999
4999 5000
4999
4999 5000
4999
4999 5000
5000
5000 5001
5000
4999 5000
4999
4997 4999
4997
4996 4997
4996
4996 4997
4997
4996 4997
4997
4996 4997
4996
4995 4996
4996
4996 4997
4996
4996 4997
4996
4996 4997
4997
4997 4999
4999
4997 4999
4997
4996 4997
4997
4997 4999
4999
4997 4999
4999
4999 5000
5000
4999 5000
5000
5000 5001
5000
4999 5000
4999
4997 4999
4997
4997 4999
4999
4997 4999
4997
4997 4999
4999
4999 5000
4999
4999 5000
5000
4999 5000
4999
4999 5000
5000
4999 5000
4999
4997 4999
4997
4997 4999
4999
4997 4999
4997
4996 4997
4997
4996 4997
4996
4995 4996
4995
4995 4996
4996
4996 4997
4996
4995 4996
4995
4994 4995
4994
4994 4995
4994
4994 4995
4995
4994 4995
4994
4994 4995
4995
4994 4995
4995
4995 4996
4996
4996 4997
4997
4997 4999
4997
4997 4999
4999
4997 4999
4997
4996 4997
4997
4996 4997
4997
4996 4997
4996
4995 4996
4996
4996 4997
4997
4996 4997
4997
4996 4997
4996
4995 4996
4995
4995 4996
4995
4995 4996
4995
4995 4996
4995
4994 4995
4995
4994 4995
4995
4995 4996
4995
4995 4996
4995
4994 4995
4994
4994 4995
4994
4994 4995
4995
4995 4996
4996
4995 4996
4996
4995 4996
4995
4994 4995
4994
4994 4995
4994
4994 4995
4995
4995 4996
4995
4994 4995
4995
4995 4996
4995
4995 4996
4995
4995 4996
4995
4994 4995
4994
4993 4994
4994
4994 4995
4995
4995 4996
4996
4996 4997
4996
4995 4996
4995
4995 4996
4996
4996 4997
4997
4997 4999
4999
4997 4999
4997
4997 4999
4997
4996 4997
4996
4995 4996
4996
4995 4996
4995
4995 4996
4995
4995 4996
4995
4995 4996
4996
4995 4996
4996
4995 4996
4995
4994 4995
4994
4993 4994
4993
4993 4994
4993
4993 4994
4993
4993 4994
4994
4994 4995
4995
4994 4995
4994
4994 4995
4995
4995 4996
4996
4995 4996
4996
4996 4997
4997
4996 4997
4997
4996 4997
4997
4996 4997
4997
4997 4999
4999
4997 4999
4999
4999 5000
5000
4999 5000
5000
4999 5000
5000
5000 5001
5000
5000 5001
5000
5000 5001
5000
4999 5000
4999
4999 5000
5000
5000 5001
5001
5001 5002
5002
5001 5002
5002
5001 5002
5001
5001 5002
5002
5002 5003
5003
5002 5003
5002
5002 5003
5003
5003 5004
5004
5004 5005
5005
5004 5005
5005
5005 5006
5005
5005 5006
5005
5005 5006
5006
5005 5006
5006
5005 5006
5005
5005 5006
5005
5004 5005
5005
5005 5006
5006
5006 5007
5006
5006 5007
5007
5006 5007
5007
5007 5008
5008
5007 5008
5007
5006 5007
5007
5006 5007
5007
5006 5007
5007
5007 5008
5008
5007 5008
5008
5007 5008
5008
5007 5008
5007
5006 5007
5006
5006 5007
5007
5006 5007
5007
5007 5008
5008
5008 5009
5009
5009 5011
5011
5011 5013
5011
5011 5013
5013
5013 5014
5013
5011 5013
5011
5009 5011
5011
5011 5013
5013
5011 5013
5011
5009 5011
5009
5008 5009
5009
5008 5009
5008
5008 5009
5009
5008 5009
5009
5009 5011
5009
5009 5011
5011
5011 5013
5013
5013 5014
5014
5013 5014
5014
5013 5014
5013
5011 5013
5011
5009 5011
5009
5009 5011
5011
5009 5011
5011
5011 5013
5013
5011 5013
5011
5011 5013
5013
5013 5014
5013
5013 5014
5014
5013 5014
5013
5011 5013
5011
5009 5011
5009
5008 5009
5008
5008 5009
5009
5009 5011
5011
5009 5011
5009
5008 5009
5008
5008 5009
5009
5008 5009
5008
5007 5008
5007
5006 5007
5007
5006 5007
5006
5006 5007
5006
5006 5007
5006
5006 5007
5006
5005 5006
5006
5006 5007
5007
5006 5007
5007
5006 5007
5006
5005 5006
5005
5005 5006
5006
5005 5006
5006
5006 5007
5007
5007 5008
5008
5008 5009
5008
5008 5009
5008
5008 5009
5008
5008 5009
5008
5008 5009
5008
5007 5008
5008
5008 5009
5008
5007 5008
5007
5006 5007
5006
5006 5007
5007
5007 5008
5007
5006 5007
5006
5006 5007
5007
5007 5008
5007
5007 5008
5007
5006 5007
5006
5005 5006
5005
5004 5005
5004
5003 5004
5003
5003 5004
5003
5003 5004
5003
5003 5004
5004
5003 5004
5003
5002 5003
5002
5001 5002
5002
5001 5002
5001
5000 5001
5001
5001 5002
5002
5002 5003
5003
5002 5003
5002
5002 5003
5002
5001 5002
5001
5000 5001
5000
5000 5001
5001
5000 5001
5000
5000 5001
5000
5000 5001
5000
5000 5001
5001
5000 5001
5001
5001 5002
5001
5001 5002
5001
5000 5001
5001
5001 5002
5001
5001 5002
5001
5000 5001
5001
5001 5002
5001
5001 5002
5001
5000 5001
5001
5001 5002
5002
5001 5002
5002
5001 5002
5002
5002 5003
5002
5001 5002
5002
5001 5002
5002
5001 5002
5002
5002 5003
5002
5002 5003
5003
5002 5003
5002
5002 5003
5003
5003 5004
5003
5003 5004
5003
5002 5003
5002
5002 5003
5003
5002 5003
5002
5001 5002
5002
5001 5002
5002
5002 5003
5002
5002 5003
5003
5003 5004
5003
5002 5003
5002
5002 5003
5002
5002 5003
5003
5002 5003
5003
5003 5004
5003
5002 5003
5003
5003 5004
5003
5002 5003
5002
5002 5003
5003
5002 5003
5002
5002 5003
5003
5003 5004
5004
5003 5004
5003
5003 5004
5004
5003 5004
5003
5002 5003
5003
5003 5004
5003
5002 5003
5003
5003 5004
5004
5004 5005
5005
5005 5006
5006
5005 5006
5006
5005 5006
5006
5006 5007
5006
5006 5007
5006
5006 5007
5006
5006 5007
5006
5006 5007
5007
5007 5008
5007
5006 5007
5007
5007 5008
5008
5007 5008
5007
5007 5008
5008
5007 5008
5008
5007 5008
5007
5006 5007
5007
5007 5008
5008
5007 5008
5007
5007 5008
5008
5008 5009
5008
5007 5008
5008
5007 5008
5008
5008 5009
5008
5007 5008
5008
5008 5009
5009
5008 5009
5008
5008 5009
5008
5007 5008
5007
5006 5007
5007
5006 5007
5007
5006 5007
5007
5007 5008
5007
5007 5008
5007
5007 5008
5008
5008 5009
5008
5007 5008
5008
5008 5009
5009
5008 5009
5008
5007 5008
5007
5007 5008
5007
5007 5008
5007
5007 5008
5008
5007 5008
5007
5007 5008
5008
5008 5009
5008
5007 5008
5008
5008 5009
5008
5007 5008
5007
5006 5007
5007
5007 5008
5008
5008 5009
5008
5007 5008
5008
5008 5009
5008
5008 5009
5009
5009 5011
5011
5011 5013
5013
5011 5013
5011
5009 5011
5011
5009 5011
5009
5008 5009
5009
5009 5011
5009
5008 5009
5008
5008 5009
5009
5008 5009
5008
5008 5009
5008
5007 5008
5007
5007 5008
5008
5007 5008
5008
5008 5009
5008
5007 5008
5007
5007 5008
5007
5006 5007
5006
5005 5006
5005
5005 5006
5005
5004 5005
5005
5004 5005
5004
5003 5004
5003
5002 5003
5002
5001 5002
5002
5002 5003
5003
5003 5004
5004
5003 5004
5004
5003 5004
5004
5003 5004
5004
5004 5005
5004
5003 5004
5003
5002 5003
5002
5002 5003
5002
5001 5002
5002
5001 5002
5001
5001 5002
5002
5001 5002
5002
5002 5003
5002
5002 5003
5002
5002 5003
5003
5002 5003
5003
5003 5004
5004
5003 5004
5004
5004 5005
5004
5004 5005
5004
5003 5004
5003
5002 5003
5002
5001 5002
5001
5000 5001
5001
5000 5001
5000
4999 5000
4999
4999 5000
4999
4997 4999
4997
4996 4997
4996
4996 4997
4997
4997 4999
4997
4997 4999
4999
4997 4999
4997
4996 4997
4997
4996 4997
4996
4995 4996
4995
4995 4996
4995
4994 4995
4995
4994 4995
4995
4994 4995
4994
4994 4995
4995
4994 4995
4994
4993 4994
4994
4994 4995
4995
4995 4996
4995
4995 4996
4996
4995 4996
4995
4995 4996
4996
4995 4996
4995
4995 4996
4996
4995 4996
4996
4995 4996
4996
4996 4997
4997
4997 4999
4997
4996 4997
4996
4996 4997
4996
4996 4997
4997
4996 4997
4997
4996 4997
4997
4997 4999
4997
4996 4997
4996
4996 4997
4996
4995 4996
4996
4995 4996
4996
4996 4997
4996
4996 4997
4997
4997 4999
4997
4997 4999
4999
4999 5000
5000
5000 5001
5000
4999 5000
4999
4997 4999
4999
4999 5000
5000
5000 5001
5000
4999 5000
5000
4999 5000
5000
5000 5001
5001
5001 5002
5002
5001 5002
5001
5001 5002
5002
5001 5002
5001
5001 5002
5001
5001 5002
5001
5001 5002
5002
5002 5003
5002
5001 5002
5001
5001 5002
5002
5001 5002
5001
5000 5001
5001
5001 5002
5001
5001 5002
5001
5000 5001
5001
5001 5002
5002
5001 5002
5001
5000 5001
5001
5001 5002
5002
5002 5003
5002
5001 5002
5001
5000 5001
5000
5000 5001
